FFf: 0.82759166
QQf: 0.8984925
alpha: 0.57895935
beta: 0.34043753
gamma: 0.35450575
k: 4.6636834
