date,outflow,volume,inflow_efas5,e0_emo1,pr_emo1,ta_emo1
1990-01-01,0.0,18.18,228.04,,,
1990-01-02,1.954,18.18,12.43,0.23,0.52,1.38
1990-01-03,23.436,18.235,12.46,0.01,0.0,-1.53
1990-01-04,24.393,18.89,12.47,0.1,0.76,-2.97
1990-01-05,36.289,19.394,12.44,0.05,0.06,0.34
1990-01-06,30.571,18.885,11.73,0.09,0.03,-1.0
1990-01-07,0.636,18.719,10.37,0.19,0.05,-0.85
1990-01-08,2.816,18.734,10.45,0.21,1.32,-0.92
1990-01-09,33.667,18.85,10.45,0.2,4.47,-0.33
1990-01-10,32.03,18.275,10.38,0.05,0.0,-3.74
1990-01-11,28.758,17.982,10.36,0.02,0.05,-3.21
1990-01-12,19.04,17.905,10.36,0.03,0.0,-2.24
1990-01-13,23.421,19.265,10.34,0.03,0.0,-2.1
1990-01-14,38.576,20.235,10.34,0.08,0.06,-2.01
1990-01-15,2.774,19.35,10.34,0.06,0.76,-0.72
1990-01-16,32.812,19.325,10.33,0.12,0.35,-1.74
1990-01-17,28.641,19.067,10.32,0.11,0.0,-2.07
1990-01-18,39.165,19.175,10.33,0.08,0.0,-2.49
1990-01-19,27.811,18.27,10.34,0.22,2.03,-5.59
1990-01-20,26.92,18.655,10.33,0.0,0.0,-4.9
1990-01-21,30.035,19.23,10.31,0.27,0.0,-3.32
1990-01-22,1.452,18.9,10.31,0.66,0.0,0.16
1990-01-23,19.158,19.013,10.31,0.38,0.0,-3.61
1990-01-24,36.75,20.179,10.3,0.41,0.1,0.16
1990-01-25,21.419,19.425,10.45,0.23,0.13,1.65
1990-01-26,37.6,20.161,10.55,0.17,3.48,3.61
1990-01-27,24.202,19.195,10.49,0.31,1.65,0.36
1990-01-28,21.028,19.851,11.3,0.23,0.89,2.28
1990-01-29,2.702,20.41,11.08,0.33,14.51,-1.13
1990-01-30,31.7,20.339,10.83,0.07,0.48,-0.58
1990-01-31,24.787,19.599,10.85,0.1,0.0,-0.71
1990-02-01,34.892,19.94,10.84,0.21,5.54,1.16
1990-02-02,26.24,18.865,10.73,0.13,0.08,-0.05
1990-02-03,27.65,19.15,10.66,0.11,0.0,0.73
1990-02-04,20.201,19.338,10.62,0.18,0.96,0.95
1990-02-05,2.377,20.192,10.55,0.23,0.0,0.09
1990-02-06,28.912,20.197,10.52,0.35,0.0,3.38
1990-02-07,33.182,20.216,10.47,0.33,0.19,1.95
1990-02-08,31.165,19.75,10.44,0.2,0.0,3.65
1990-02-09,18.694,19.327,10.44,0.51,1.8,4.39
1990-02-10,44.959,20.573,10.69,0.17,0.0,2.53
1990-02-11,18.28,18.98,11.23,0.32,5.34,2.61
1990-02-12,1.895,19.2,11.76,0.48,12.36,2.24
1990-02-13,22.436,19.217,13.58,0.89,25.95,4.29
1990-02-14,20.229,19.49,18.23,0.86,0.58,4.72
1990-02-15,32.965,20.356,21.98,1.12,0.0,4.91
1990-02-16,32.088,20.07,24.96,0.76,0.0,5.3
1990-02-17,34.887,19.655,26.98,0.5,0.0,4.53
1990-02-18,32.709,18.659,28.71,0.62,0.0,4.36
1990-02-19,1.545,17.999,30.02,0.56,0.0,4.44
1990-02-20,19.154,18.099,31.29,0.72,0.0,5.59
1990-02-21,25.672,19.225,31.77,0.66,0.22,4.5
1990-02-22,23.308,19.524,32.19,0.56,0.0,3.69
1990-02-23,24.641,19.851,32.45,0.96,0.0,4.78
1990-02-24,33.57,20.359,32.64,1.15,0.0,6.08
1990-02-25,27.097,19.813,32.81,1.14,0.0,6.07
1990-02-26,2.143,19.95,32.8,0.62,0.0,3.14
1990-02-27,25.221,19.962,32.56,0.67,0.0,3.56
1990-02-28,20.934,20.281,32.3,1.54,0.16,7.75
1990-03-01,33.283,22.084,31.95,0.89,0.0,6.2
1990-03-02,28.375,20.025,31.71,0.76,2.61,2.37
1990-03-03,31.872,19.832,31.31,0.55,0.32,-4.22
1990-03-04,25.218,19.552,30.72,0.92,0.0,-5.04
1990-03-05,3.028,19.8,30.03,1.06,0.0,-2.25
1990-03-06,34.601,19.73,26.1,1.31,0.0,-0.25
1990-03-07,16.526,19.081,24.02,1.66,0.0,2.33
1990-03-08,29.474,20.405,23.6,1.63,0.0,5.48
1990-03-09,39.607,20.239,23.54,0.98,3.25,5.93
1990-03-10,17.227,19.163,23.55,0.89,1.62,2.87
1990-03-11,30.311,20.357,25.41,1.65,0.0,5.78
1990-03-12,3.269,19.76,28.94,1.62,0.0,9.96
1990-03-13,23.395,19.682,28.35,0.98,0.0,5.65
1990-03-14,18.189,20.117,28.08,1.19,8.53,6.59
1990-03-15,28.519,20.967,28.01,0.97,2.26,3.35
1990-03-16,37.33,20.895,27.89,1.61,0.0,3.67
1990-03-17,31.83,20.025,27.73,1.95,0.0,5.77
1990-03-18,14.482,19.306,27.53,1.7,0.0,4.96
1990-03-19,0.0,20.472,27.2,1.35,0.0,4.44
1990-03-20,2.957,20.472,26.84,1.73,0.0,5.76
1990-03-21,34.255,20.416,26.55,1.98,0.0,8.49
1990-03-22,21.127,19.851,26.38,2.23,0.0,9.64
1990-03-23,26.259,20.41,26.29,2.3,0.55,10.53
1990-03-24,31.967,20.369,26.05,1.11,0.21,6.12
1990-03-25,17.749,19.987,25.67,1.21,0.0,4.97
1990-03-26,3.269,20.72,25.25,1.18,0.98,0.91
1990-03-27,38.602,20.631,24.8,1.18,1.7,-2.23
1990-03-28,31.547,19.625,24.31,1.15,2.72,-1.42
1990-03-29,28.208,19.313,23.83,1.48,0.22,-0.21
1990-03-30,17.832,18.985,20.11,0.99,0.0,-2.74
1990-03-31,25.895,19.922,19.16,2.02,0.0,1.12
1990-04-01,29.729,19.887,23.08,2.12,0.0,3.33
1990-04-02,1.693,19.2,22.96,1.79,0.4,6.02
1990-04-03,19.649,19.235,23.15,1.07,10.43,2.91
1990-04-04,16.041,19.699,23.46,1.41,7.96,2.0
1990-04-05,38.672,20.411,23.79,1.63,0.19,3.11
1990-04-06,10.861,18.829,24.07,1.24,6.79,2.33
1990-04-07,15.182,20.071,24.34,1.55,5.61,4.34
1990-04-08,11.013,20.464,24.8,1.21,0.28,2.03
1990-04-09,4.791,21.052,25.71,1.65,8.5,3.13
1990-04-10,36.67,20.867,26.46,1.1,6.37,0.38
1990-04-11,38.518,19.627,26.94,1.47,0.24,-0.55
1990-04-12,20.428,18.074,27.56,1.96,3.0,5.7
1990-04-13,1.921,18.225,28.33,1.73,1.08,5.51
1990-04-14,0.012,18.059,29.1,1.4,3.44,3.29
1990-04-15,0.012,18.154,29.83,1.81,2.41,3.55
1990-04-16,0.012,19.2,30.59,1.66,8.32,2.93
1990-04-17,1.142,19.285,31.13,1.73,0.04,2.82
1990-04-18,14.199,20.203,31.77,1.62,4.06,1.93
1990-04-19,20.154,19.92,32.56,1.72,8.72,1.21
1990-04-20,9.789,19.285,33.59,2.01,7.35,2.28
1990-04-21,5.478,19.643,34.79,1.88,9.02,0.51
1990-04-22,14.515,20.526,35.56,1.16,3.88,-0.27
1990-04-23,1.345,20.1,35.98,1.32,0.19,-0.31
1990-04-24,16.007,20.063,36.61,2.03,7.19,3.63
1990-04-25,16.37,19.61,37.49,2.23,8.89,4.11
1990-04-26,19.142,19.105,38.49,1.66,5.31,2.46
1990-04-27,5.955,18.455,39.36,2.43,0.0,4.77
1990-04-28,7.502,19.185,40.22,2.68,0.0,5.35
1990-04-29,0.404,19.444,41.21,3.38,0.0,6.9
1990-04-30,5.537,20.441,42.23,3.31,0.0,7.29
1990-05-01,13.401,20.075,43.23,3.16,0.0,7.38
1990-05-02,0.779,19.8,44.03,3.29,0.0,7.31
1990-05-03,10.833,19.838,44.84,3.35,0.0,7.15
1990-05-04,27.558,20.166,45.5,3.81,0.0,7.6
1990-05-05,15.492,19.23,46.38,3.21,0.0,7.63
1990-05-06,14.493,19.579,46.33,2.75,0.0,8.5
1990-05-07,1.531,19.8,46.42,3.45,1.47,9.14
1990-05-08,17.923,19.825,46.51,3.31,1.45,9.14
1990-05-09,15.376,20.147,46.51,3.14,2.19,9.51
1990-05-10,26.848,20.587,46.33,2.2,0.8,8.49
1990-05-11,34.386,19.625,46.2,2.19,3.95,8.47
1990-05-12,0.012,17.877,45.99,2.14,0.0,7.87
1990-05-13,0.012,19.899,46.03,2.54,0.43,10.53
1990-05-14,1.343,20.658,46.32,1.89,13.08,6.81
1990-05-15,17.228,20.655,46.64,3.92,0.07,10.12
1990-05-16,28.339,20.483,46.93,4.02,1.59,12.48
1990-05-17,1.719,18.98,47.02,3.22,0.1,12.59
1990-05-18,19.717,19.802,47.72,3.13,8.37,12.67
1990-05-19,10.197,19.175,49.35,2.67,15.5,10.21
1990-05-20,0.012,19.326,50.91,3.51,1.1,11.91
1990-05-21,1.126,20.382,54.78,2.63,12.32,10.11
1990-05-22,12.772,20.41,60.67,2.25,20.56,9.23
1990-05-23,8.085,20.477,63.26,2.41,14.94,10.17
1990-05-24,28.512,21.088,65.5,1.83,7.17,7.94
1990-05-25,15.376,19.811,65.81,2.05,12.71,7.29
1990-05-26,56.276,21.126,87.82,2.78,3.4,10.64
1990-05-27,51.154,19.7,94.34,2.4,3.08,11.45
1990-05-28,15.94,18.828,90.09,2.29,1.66,7.71
1990-05-29,37.758,21.34,85.34,4.21,0.01,7.93
1990-05-30,51.053,21.317,80.99,3.85,0.0,10.76
1990-05-31,41.461,21.057,76.9,2.89,0.5,9.09
1990-06-01,40.983,21.003,72.97,4.49,0.0,11.59
1990-06-02,40.755,20.741,70.26,4.33,1.03,13.68
1990-06-03,35.171,20.941,67.74,2.36,0.33,11.55
1990-06-04,3.139,20.658,67.61,3.79,0.36,12.76
1990-06-05,37.836,20.607,68.79,2.43,12.34,10.98
1990-06-06,40.001,20.06,70.75,1.67,4.93,6.71
1990-06-07,45.283,20.185,67.88,2.69,0.0,8.95
1990-06-08,58.304,18.948,67.57,3.36,0.0,12.98
1990-06-09,55.338,17.433,67.57,2.64,0.27,10.48
1990-06-10,24.204,16.959,67.57,2.64,0.0,9.55
1990-06-11,4.89,18.6,67.85,3.81,0.13,8.37
1990-06-12,36.502,18.487,78.48,1.79,14.78,6.87
1990-06-13,44.242,17.362,71.74,3.04,3.14,9.85
1990-06-14,41.189,18.513,72.78,2.42,5.99,10.18
1990-06-15,53.472,17.488,72.43,1.89,5.75,9.61
1990-06-16,55.106,16.713,68.34,3.31,0.03,10.8
1990-06-17,29.745,15.931,67.6,3.78,0.09,11.15
1990-06-18,17.477,19.278,67.57,2.04,9.05,10.79
1990-06-19,44.719,22.037,67.59,3.41,0.0,11.82
1990-06-20,57.32,21.12,73.51,3.04,8.48,12.1
1990-06-21,57.668,20.334,72.12,2.2,2.69,9.1
1990-06-22,57.899,19.412,68.75,3.53,0.35,12.34
1990-06-23,56.872,18.36,67.56,2.01,1.93,9.36
1990-06-24,51.504,17.348,67.57,4.55,0.02,13.51
1990-06-25,4.152,17.358,67.55,3.2,0.0,14.45
1990-06-26,36.545,20.174,67.57,5.55,0.92,17.97
1990-06-27,37.717,19.895,67.58,3.15,0.08,13.92
1990-06-28,39.858,18.907,66.29,2.69,4.31,13.6
1990-06-29,37.355,18.302,61.18,2.61,0.07,13.61
1990-06-30,37.239,17.9,57.85,4.2,0.07,16.52
1990-07-01,10.504,17.009,55.57,2.79,1.0,14.4
1990-07-02,1.67,19.212,52.31,2.68,0.0,9.85
1990-07-03,21.31,19.444,43.31,3.38,2.03,13.18
1990-07-04,36.988,20.428,40.41,2.84,1.0,9.76
1990-07-05,38.919,19.887,38.91,5.31,0.0,12.62
1990-07-06,31.07,19.195,41.0,2.37,7.42,10.94
1990-07-07,32.735,19.145,40.15,4.18,0.0,11.69
1990-07-08,36.042,19.127,37.82,4.49,0.0,11.04
1990-07-09,4.671,18.33,35.83,5.53,0.07,15.18
1990-07-10,33.319,18.302,34.42,4.04,1.33,14.53
1990-07-11,30.298,17.974,32.89,4.52,0.13,12.31
1990-07-12,21.042,17.805,31.08,5.32,0.0,12.61
1990-07-13,20.927,19.04,29.28,5.84,0.0,14.46
1990-07-14,24.328,19.94,27.88,6.3,0.18,17.12
1990-07-15,0.012,20.161,26.87,4.37,0.9,17.06
1990-07-16,2.918,20.182,25.54,2.53,0.02,13.93
1990-07-17,34.94,20.347,24.06,3.69,0.0,17.03
1990-07-18,34.903,19.62,22.49,4.0,0.07,15.03
1990-07-19,28.057,19.307,21.1,5.67,0.0,16.69
1990-07-20,31.657,19.474,19.92,6.12,0.0,17.51
1990-07-21,32.455,19.15,18.84,6.14,0.0,18.26
1990-07-22,36.179,18.58,17.84,6.06,0.0,18.83
1990-07-23,0.324,18.36,16.93,5.63,0.0,18.5
1990-07-24,5.933,18.564,16.04,4.54,0.88,19.27
1990-07-25,30.778,20.821,15.23,4.56,0.0,17.32
1990-07-26,39.382,20.825,14.81,5.73,0.34,19.4
1990-07-27,31.021,19.9,14.22,4.22,0.65,16.8
1990-07-28,12.001,19.495,25.36,4.9,0.02,17.7
1990-07-29,20.494,21.09,60.3,2.14,29.15,12.55
1990-07-30,3.862,21.139,49.42,2.62,2.99,12.55
1990-07-31,38.152,21.636,44.03,5.47,0.0,15.72
1990-08-01,32.823,20.416,40.97,5.42,0.0,17.03
1990-08-02,13.022,19.952,38.54,5.79,0.0,17.99
1990-08-03,43.069,21.498,36.4,5.35,0.0,17.36
1990-08-04,26.551,20.131,34.39,4.99,0.0,17.75
1990-08-05,29.591,19.853,32.51,4.92,0.0,18.01
1990-08-06,0.012,20.441,30.78,4.38,1.55,17.6
1990-08-07,0.041,20.441,29.78,3.34,3.88,14.7
1990-08-08,0.39,20.438,28.65,3.09,0.08,10.85
1990-08-09,0.669,20.405,27.1,4.54,0.0,12.12
1990-08-10,0.012,20.347,25.54,4.45,0.0,13.69
1990-08-11,0.341,20.365,24.17,4.85,0.0,16.21
1990-08-12,3.629,20.537,22.99,4.2,0.0,17.52
1990-08-13,0.012,20.223,22.37,3.12,0.84,16.23
1990-08-14,0.012,20.277,24.07,3.87,5.95,16.31
1990-08-15,0.041,20.88,24.79,2.34,3.96,14.08
1990-08-16,0.807,20.933,23.82,2.77,0.0,14.15
1990-08-17,5.253,20.864,23.26,3.05,1.59,14.58
1990-08-18,0.459,20.449,22.35,2.51,0.0,12.35
1990-08-19,4.934,20.836,20.99,3.98,0.07,13.43
1990-08-20,0.072,20.41,19.89,4.92,1.53,17.7
1990-08-21,0.728,20.405,18.98,3.69,0.19,17.68
1990-08-22,0.718,20.342,17.92,3.74,2.78,14.57
1990-08-23,0.718,20.28,16.9,4.56,0.0,15.42
1990-08-24,0.659,20.218,16.62,4.67,0.0,16.42
1990-08-25,1.026,20.161,21.98,3.21,9.33,15.34
1990-08-26,11.221,20.195,27.97,3.21,9.71,14.09
1990-08-27,3.278,20.56,28.92,2.04,1.21,12.94
1990-08-28,30.957,20.444,27.55,3.21,0.0,14.39
1990-08-29,26.863,19.8,26.31,3.68,0.0,15.41
1990-08-30,37.736,19.7,27.98,2.35,3.7,14.22
1990-08-31,17.623,18.751,32.05,1.54,12.92,9.06
1990-09-01,37.614,20.364,32.05,2.1,0.11,7.8
1990-09-02,44.281,19.642,30.25,2.09,0.0,9.68
1990-09-03,5.983,17.249,28.55,3.39,0.0,12.14
1990-09-04,24.26,17.327,27.1,3.48,0.05,13.17
1990-09-05,21.476,18.285,25.72,2.4,0.22,13.83
1990-09-06,29.602,19.499,24.36,2.56,0.07,12.19
1990-09-07,54.173,19.936,23.49,2.17,0.63,11.89
1990-09-08,26.921,17.53,22.77,1.83,0.21,11.08
1990-09-09,27.712,18.325,21.85,1.89,2.12,10.56
1990-09-10,1.446,18.6,21.22,1.72,0.75,12.35
1990-09-11,18.523,18.688,20.19,2.37,0.18,13.88
1990-09-12,31.063,19.64,19.09,2.87,0.0,13.09
1990-09-13,27.31,19.557,18.14,2.73,0.0,13.93
1990-09-14,32.118,19.862,19.59,2.25,0.79,15.32
1990-09-15,43.049,19.825,21.56,1.83,3.02,14.68
1990-09-16,35.54,19.062,20.96,1.66,1.72,12.31
1990-09-17,2.308,18.54,22.0,2.15,3.26,13.73
1990-09-18,13.519,18.722,24.1,1.4,2.17,9.98
1990-09-19,25.139,20.751,23.01,2.63,0.05,12.08
1990-09-20,36.31,21.06,23.89,2.74,0.15,14.71
1990-09-21,44.83,20.563,25.37,1.68,2.16,12.69
1990-09-22,8.256,19.043,24.09,1.78,0.0,12.74
1990-09-23,38.884,21.167,23.69,2.61,0.25,13.92
1990-09-24,1.145,19.95,28.68,1.43,9.5,10.97
1990-09-25,14.726,20.104,31.77,1.35,0.02,8.16
1990-09-26,27.451,21.879,36.29,0.97,10.22,7.27
1990-09-27,46.928,22.564,34.45,1.85,0.16,10.77
1990-09-28,35.593,20.99,32.36,1.63,0.0,11.66
1990-09-29,29.474,20.565,31.75,2.36,0.0,13.94
1990-09-30,17.633,20.684,34.8,1.52,19.52,13.65
1990-10-01,3.9,22.032,34.97,1.31,4.59,12.71
1990-10-02,45.274,22.318,33.74,1.1,3.24,10.05
1990-10-03,29.617,20.48,33.38,1.68,0.02,11.99
1990-10-04,40.905,20.451,38.34,1.62,9.61,11.91
1990-10-05,21.491,19.288,41.52,0.9,5.79,4.66
1990-10-06,27.555,20.267,40.55,1.61,0.0,5.39
1990-10-07,25.113,20.431,39.47,1.69,0.0,8.63
1990-10-08,2.071,20.658,40.42,0.89,7.6,6.28
1990-10-09,27.147,20.668,39.21,0.75,0.28,2.85
1990-10-10,50.009,20.854,37.61,1.09,0.01,5.69
1990-10-11,24.175,21.481,36.88,1.14,2.96,8.18
1990-10-12,29.017,19.61,36.36,0.96,8.2,9.65
1990-10-13,2.68,19.499,36.36,0.93,1.77,9.79
1990-10-14,30.004,19.499,35.97,0.83,1.65,9.55
1990-10-15,7.491,19.454,34.36,0.95,0.42,10.95
1990-10-16,20.522,19.03,33.33,0.76,1.27,8.62
1990-10-17,13.377,19.967,32.49,1.1,1.5,8.16
1990-10-18,27.765,21.856,32.05,0.64,1.91,6.63
1990-10-19,49.778,22.236,31.04,0.96,0.22,7.68
1990-10-20,39.34,20.071,30.85,0.68,2.87,6.4
1990-10-21,15.756,19.191,29.87,0.95,0.04,4.2
1990-10-22,2.325,20.41,48.84,0.59,0.63,6.78
1990-10-23,26.728,20.384,67.31,0.55,23.42,4.06
1990-10-24,13.516,20.1,63.48,0.4,0.83,5.44
1990-10-25,10.896,20.147,51.54,0.51,2.16,3.89
1990-10-26,14.385,20.676,47.85,0.51,0.01,5.03
1990-10-27,12.708,20.914,46.28,0.4,3.12,1.76
1990-10-28,23.086,21.275,45.05,0.27,0.03,4.71
1990-10-29,2.454,20.565,49.26,0.52,11.61,6.09
1990-10-30,27.997,20.426,51.94,0.67,1.96,10.42
1990-10-31,11.856,18.925,53.48,0.52,4.09,7.85
1990-11-01,8.583,19.227,62.96,0.43,7.76,5.45
1990-11-02,2.517,19.529,63.88,0.27,0.53,3.45
1990-11-03,29.076,19.347,57.27,0.21,1.93,1.88
1990-11-04,15.235,17.345,50.4,0.18,1.48,0.05
1990-11-05,0.854,17.4,47.85,0.13,0.14,-1.54
1990-11-06,10.103,17.455,45.35,0.14,0.0,-1.67
1990-11-07,9.012,18.134,43.11,0.11,0.21,-0.01
1990-11-08,14.355,19.03,43.19,0.12,0.32,4.32
1990-11-09,19.515,19.83,45.4,0.33,1.37,4.04
1990-11-10,25.356,20.156,47.24,0.31,8.7,4.68
1990-11-11,21.697,20.126,49.47,0.39,6.57,3.85
1990-11-12,1.455,20.431,47.87,0.05,0.1,4.57
1990-11-13,17.468,20.694,45.56,0.2,0.0,3.55
1990-11-14,18.858,21.148,43.86,0.08,0.45,6.61
1990-11-15,32.438,21.706,42.17,0.13,0.27,3.14
1990-11-16,32.545,20.895,40.15,0.49,0.0,6.5
1990-11-17,28.214,20.05,38.57,0.31,0.0,6.01
1990-11-18,20.922,19.424,37.31,0.15,0.09,7.46
1990-11-19,1.721,18.6,36.44,0.18,1.12,5.99
1990-11-20,20.829,18.663,35.05,0.12,0.28,3.36
1990-11-21,23.034,19.39,34.66,0.04,1.0,3.08
1990-11-22,26.032,19.878,36.34,0.23,11.84,-0.15
1990-11-23,34.041,20.374,35.14,0.15,2.99,-2.88
1990-11-24,37.257,19.87,33.97,0.11,1.59,-1.0
1990-11-25,13.845,18.8,33.2,0.11,4.31,0.8
1990-11-26,2.532,20.347,31.73,0.02,0.02,-3.03
1990-11-27,31.067,20.326,30.57,0.04,0.87,-1.52
1990-11-28,37.859,20.025,29.18,0.1,1.19,-3.25
1990-11-29,29.445,19.205,27.74,0.15,0.21,-2.09
1990-11-30,25.537,19.31,26.33,0.17,0.84,-4.88
1990-12-01,17.436,19.855,25.03,0.21,1.11,-3.02
1990-12-02,42.873,19.8,23.9,0.31,0.0,-4.3
1990-12-03,3.698,19.8,22.78,0.11,0.0,-5.2
1990-12-04,43.578,19.65,21.58,0.15,0.0,-4.73
1990-12-05,33.905,17.939,20.53,0.1,0.0,-5.25
1990-12-06,21.908,17.339,19.49,0.14,0.03,-4.67
1990-12-07,0.683,17.999,18.44,0.09,0.0,-8.92
1990-12-08,7.511,18.2,17.78,0.03,0.03,-3.9
1990-12-09,0.0,20.41,17.89,0.0,10.95,-4.2
1990-12-10,4.14,20.41,17.25,0.14,2.75,-5.59
1990-12-11,47.371,20.222,16.76,0.16,6.84,-5.0
1990-12-12,22.014,18.3,17.13,0.23,7.55,-3.51
1990-12-13,22.199,19.95,19.18,0.22,9.08,-0.9
1990-12-14,26.028,20.086,18.78,0.29,1.14,-3.35
1990-12-15,45.258,21.459,17.92,0.06,0.54,-6.3
1990-12-16,36.614,19.95,16.98,0.03,0.0,-6.92
1990-12-17,2.262,18.96,16.15,0.11,0.0,-4.6
1990-12-18,27.639,18.98,15.36,0.01,0.0,-6.29
1990-12-19,31.847,19.135,14.63,0.01,0.45,-4.35
1990-12-20,18.714,18.49,13.88,0.04,0.17,-6.1
1990-12-21,28.274,19.255,13.11,0.05,0.0,-8.83
1990-12-22,35.643,19.12,12.47,0.23,0.0,-3.53
1990-12-23,18.62,18.32,12.29,0.19,0.05,-3.44
1990-12-24,2.802,19.2,11.9,0.18,0.0,-3.25
1990-12-25,30.821,19.15,11.95,0.15,0.22,-1.78
1990-12-26,3.086,18.6,13.71,0.06,5.5,-1.5
1990-12-27,34.292,18.395,17.95,0.1,7.45,1.27
1990-12-28,6.316,16.365,20.7,0.09,5.53,-0.87
1990-12-29,30.572,18.792,20.45,0.05,0.14,-0.11
1990-12-30,26.439,18.6,21.18,0.01,0.03,1.07
1990-12-31,1.21,18.6,22.65,0.06,0.03,1.26
1991-01-01,13.304,18.725,25.62,0.17,6.65,0.55
1991-01-02,2.375,20.1,25.22,0.0,0.14,-2.53
1991-01-03,29.113,20.075,24.33,0.12,0.03,-1.06
1991-01-04,35.535,19.725,24.33,0.23,0.09,0.79
1991-01-05,31.717,18.87,23.89,0.14,3.31,-3.81
1991-01-06,32.614,18.457,22.97,0.37,0.0,1.18
1991-01-07,1.728,17.55,22.42,0.48,0.0,0.94
1991-01-08,20.236,17.587,21.86,0.15,0.84,-1.41
1991-01-09,16.544,18.099,21.66,0.1,0.0,1.4
1991-01-10,34.889,19.125,21.74,0.08,0.0,1.6
1991-01-11,11.609,18.471,21.95,0.03,0.03,1.11
1991-01-12,24.609,20.399,24.97,0.03,4.72,0.54
1991-01-13,44.518,20.795,27.14,0.22,12.5,-3.06
1991-01-14,0.731,18.9,25.25,0.17,1.97,-4.78
1991-01-15,8.744,18.95,23.72,0.09,0.22,-6.49
1991-01-16,9.565,19.601,22.45,0.03,0.0,-6.19
1991-01-17,23.5,20.723,21.41,0.04,0.0,-3.96
1991-01-18,37.201,20.609,20.9,0.08,0.06,-1.51
1991-01-19,19.065,19.125,21.2,0.04,0.01,-0.22
1991-01-20,29.963,19.942,21.84,0.28,4.71,-1.85
1991-01-21,6.327,19.825,20.89,0.21,0.76,-4.84
1991-01-22,18.661,19.419,20.17,0.03,0.27,-2.3
1991-01-23,22.479,19.275,19.56,0.22,0.58,-3.9
1991-01-24,31.154,20.095,18.89,0.0,0.0,-3.79
1991-01-25,38.914,19.97,18.22,0.03,0.0,-5.61
1991-01-26,45.88,19.006,18.06,0.05,0.09,-5.03
1991-01-27,23.616,16.902,17.41,0.26,0.04,-5.15
1991-01-28,3.17,17.269,16.87,0.09,0.0,-3.26
1991-01-29,22.892,17.217,16.08,0.06,0.0,-7.21
1991-01-30,25.153,17.888,15.37,0.1,0.0,-3.87
1991-01-31,33.737,18.223,14.71,0.12,0.0,-3.99
1991-02-01,22.727,17.433,14.09,0.02,0.0,-4.44
1991-02-02,22.549,18.162,13.89,0.12,0.71,-2.9
1991-02-03,23.15,18.674,13.95,0.26,0.35,-1.72
1991-02-04,1.613,19.17,13.79,0.42,0.01,-1.56
1991-02-05,19.448,19.247,13.57,0.17,0.38,-1.19
1991-02-06,21.687,20.157,13.12,0.11,0.0,-3.65
1991-02-07,34.182,20.725,13.35,0.12,0.35,-3.77
1991-02-08,27.46,20.1,13.17,0.21,4.7,-2.58
1991-02-09,24.688,20.105,12.69,0.18,3.67,-4.39
1991-02-10,23.457,20.166,13.06,0.24,2.26,-2.01
1991-02-11,2.651,20.223,12.91,0.24,0.01,-4.98
1991-02-12,32.009,20.138,12.43,0.14,1.14,-5.21
1991-02-13,33.067,19.125,12.24,0.18,0.0,-8.11
1991-02-14,21.345,18.325,12.18,0.24,4.39,-5.89
1991-02-15,19.932,18.65,12.06,0.2,0.26,-9.49
1991-02-16,21.134,19.25,12.17,0.37,1.01,-2.9
1991-02-17,22.407,19.8,14.29,0.46,9.15,1.22
1991-02-18,1.763,19.8,15.03,0.43,5.91,-2.07
1991-02-19,19.981,19.833,14.66,0.42,0.05,-1.71
1991-02-20,6.913,20.218,15.28,0.38,1.0,0.04
1991-02-21,7.073,20.531,15.7,0.38,0.05,-0.26
1991-02-22,24.125,20.662,17.27,0.55,2.03,2.47
1991-02-23,11.838,18.709,18.13,0.61,0.0,0.69
1991-02-24,16.084,19.21,19.59,0.9,0.0,2.53
1991-02-25,0.629,18.669,22.58,1.08,0.0,4.3
1991-02-26,7.779,18.804,24.58,1.08,0.0,3.49
1991-02-27,10.39,19.102,26.48,1.26,0.0,4.41
1991-02-28,11.777,19.393,28.97,0.55,10.26,-0.9
1991-03-01,20.715,19.79,38.17,0.57,0.16,-0.34
1991-03-02,22.574,19.02,43.06,0.58,14.33,-0.23
1991-03-03,15.373,19.01,37.99,0.72,0.79,3.25
1991-03-04,0.699,18.905,36.97,0.78,0.0,3.74
1991-03-05,9.688,19.03,36.91,0.89,0.0,4.06
1991-03-06,22.803,19.702,48.13,0.97,0.52,6.04
1991-03-07,11.092,18.701,66.76,0.77,11.61,3.32
1991-03-08,22.91,19.601,67.63,0.91,1.55,5.1
1991-03-09,32.073,20.723,67.61,0.82,2.71,3.04
1991-03-10,31.062,20.779,67.61,0.96,0.1,3.16
1991-03-11,12.523,21.07,67.61,0.91,1.85,3.98
1991-03-12,27.288,20.859,65.55,1.36,0.0,4.58
1991-03-13,40.851,20.977,63.97,1.18,0.9,5.72
1991-03-14,35.801,20.397,63.07,0.92,0.16,4.22
1991-03-15,29.189,20.293,62.16,1.02,0.62,4.29
1991-03-16,35.61,20.681,61.43,1.31,0.2,5.64
1991-03-17,29.436,20.241,61.5,1.33,4.57,5.59
1991-03-18,3.642,20.19,61.63,1.26,2.97,3.46
1991-03-19,31.305,21.151,61.31,1.79,0.01,3.51
1991-03-20,40.438,20.741,60.87,1.21,0.0,6.26
1991-03-21,38.16,20.419,60.64,2.09,0.0,7.64
1991-03-22,31.004,21.918,60.63,2.01,2.89,6.74
1991-03-23,54.757,22.182,61.84,1.19,0.4,2.9
1991-03-24,42.03,22.553,65.26,0.77,25.88,-1.04
1991-03-25,30.906,22.273,67.62,0.82,21.24,0.16
1991-03-26,60.803,22.187,67.65,0.84,10.17,0.76
1991-03-27,46.39,20.892,67.63,1.0,1.57,2.62
1991-03-28,49.279,20.309,67.62,1.02,0.04,2.79
1991-03-29,56.79,19.025,67.61,1.22,0.0,3.43
1991-03-30,38.035,17.213,67.62,1.6,0.0,3.32
1991-03-31,41.014,18.363,67.62,1.41,0.0,1.57
1991-04-01,27.635,17.575,67.6,1.28,0.0,0.38
1991-04-02,32.383,19.562,67.6,1.96,0.0,1.48
1991-04-03,34.423,20.267,67.61,2.37,0.0,3.81
1991-04-04,46.044,20.384,67.61,1.3,5.42,1.46
1991-04-05,33.441,20.152,67.59,1.41,6.42,0.72
1991-04-06,33.229,20.733,67.59,1.76,6.73,0.25
1991-04-07,46.224,20.785,66.85,2.09,0.45,2.03
1991-04-08,21.957,19.98,63.52,1.94,0.0,6.13
1991-04-09,44.639,21.882,62.58,1.76,0.0,3.55
1991-04-10,39.076,21.081,61.84,2.6,0.0,4.92
1991-04-11,51.779,21.506,61.42,3.12,0.0,7.36
1991-04-12,31.457,20.007,61.39,3.2,0.0,7.77
1991-04-13,45.342,20.915,61.59,2.34,1.47,7.31
1991-04-14,46.719,20.229,61.53,1.63,0.0,5.65
1991-04-15,16.743,19.177,61.15,1.28,0.45,3.27
1991-04-16,51.902,21.776,60.66,1.5,0.84,4.58
1991-04-17,39.237,20.459,60.65,1.54,5.99,5.24
1991-04-18,44.93,20.556,60.61,1.38,1.98,0.74
1991-04-19,42.221,19.444,60.2,2.01,0.09,-0.14
1991-04-20,34.452,19.537,59.87,1.58,8.28,-0.69
1991-04-21,44.742,19.688,59.42,1.47,4.15,-2.99
1991-04-22,34.683,17.049,58.55,1.68,0.0,-2.14
1991-04-23,44.103,19.565,57.5,2.76,0.0,2.4
1991-04-24,35.126,18.28,56.51,2.35,0.0,3.07
1991-04-25,36.492,18.017,56.15,2.52,7.81,3.11
1991-04-26,22.495,17.652,55.77,1.55,3.9,0.28
1991-04-27,38.303,18.794,55.22,1.71,2.71,0.25
1991-04-28,24.143,19.035,54.66,2.24,1.25,4.25
1991-04-29,16.143,20.014,54.31,1.6,6.06,4.08
1991-04-30,46.183,21.61,53.73,2.49,0.0,5.07
1991-05-01,46.336,20.324,53.5,2.97,0.92,8.8
1991-05-02,17.249,18.606,53.95,1.48,8.76,2.89
1991-05-03,50.44,21.158,54.31,1.39,10.13,1.3
1991-05-04,43.488,19.384,54.34,1.75,1.37,1.48
1991-05-05,36.495,17.987,54.61,1.49,5.16,0.59
1991-05-06,16.15,16.792,54.63,1.22,5.7,-1.7
1991-05-07,27.486,19.851,54.39,1.89,6.14,1.22
1991-05-08,29.564,20.475,54.66,2.14,4.45,3.49
1991-05-09,42.217,21.082,55.46,1.14,8.46,-0.78
1991-05-10,35.132,19.925,57.23,1.43,22.48,1.16
1991-05-11,32.917,19.625,58.82,2.12,6.06,3.43
1991-05-12,26.585,19.362,59.77,1.87,0.49,3.59
1991-05-13,17.141,19.652,60.63,2.39,1.96,6.48
1991-05-14,32.214,21.33,61.56,3.05,0.0,7.39
1991-05-15,31.525,21.216,62.32,2.65,0.49,7.57
1991-05-16,34.321,21.149,62.99,2.35,0.14,7.41
1991-05-17,44.067,20.234,63.47,2.23,2.6,5.14
1991-05-18,39.098,18.205,63.83,2.21,3.47,3.83
1991-05-19,26.469,17.224,63.86,2.62,0.01,5.46
1991-05-20,18.405,18.094,63.63,2.55,0.0,6.18
1991-05-21,25.768,19.83,63.36,2.95,0.0,7.45
1991-05-22,33.268,20.111,63.5,4.25,0.0,8.89
1991-05-23,27.976,19.559,64.52,4.95,0.0,12.08
1991-05-24,24.136,19.579,65.66,4.64,0.0,10.78
1991-05-25,27.79,19.795,65.65,4.71,0.0,8.77
1991-05-26,25.627,19.757,65.51,4.75,0.0,8.8
1991-05-27,17.338,19.957,65.3,4.65,0.0,9.81
1991-05-28,60.582,19.795,65.17,5.56,0.0,12.57
1991-05-29,5.546,17.381,65.05,4.33,0.0,11.2
1991-05-30,35.82,20.404,65.01,3.98,0.17,12.88
1991-05-31,23.171,19.739,67.47,2.19,0.65,10.01
1991-06-01,30.609,20.746,80.55,2.4,5.61,9.3
1991-06-02,50.1,20.862,114.52,2.35,7.29,9.8
1991-06-03,13.998,19.234,118.5,2.51,14.76,9.88
1991-06-04,42.001,21.541,100.69,2.5,0.15,8.3
1991-06-05,54.932,20.752,98.53,2.66,0.0,9.52
1991-06-06,7.502,17.952,97.57,3.3,3.77,10.73
1991-06-07,45.423,20.663,96.32,2.62,6.38,10.6
1991-06-08,40.647,19.97,96.51,2.35,5.33,9.81
1991-06-09,22.154,19.23,98.92,2.92,0.06,8.93
1991-06-10,5.729,19.554,96.27,3.9,5.22,11.5
1991-06-11,28.667,19.462,91.87,2.54,4.86,10.36
1991-06-12,34.226,18.942,91.15,4.2,0.0,10.61
1991-06-13,16.379,17.842,87.14,5.85,0.0,13.41
1991-06-14,24.0,18.741,84.67,3.49,0.0,12.23
1991-06-15,33.508,18.5,85.11,4.25,0.0,14.1
1991-06-16,18.004,16.856,493.68,3.96,1.03,13.86
1991-06-17,1.328,17.999,205.8,1.93,63.34,7.77
1991-06-18,16.956,18.089,140.49,3.19,0.51,6.0
1991-06-19,27.969,19.065,127.15,3.43,0.12,7.28
1991-06-20,26.208,18.92,121.71,3.39,0.29,9.77
1991-06-21,30.235,19.095,121.98,2.59,0.4,12.06
1991-06-22,18.351,18.67,117.76,5.09,0.47,15.35
1991-06-23,7.181,19.597,111.43,3.03,0.09,13.76
1991-06-24,1.22,21.335,108.67,3.98,0.0,15.08
1991-06-25,5.11,21.262,104.65,4.49,0.0,16.55
1991-06-26,35.955,20.921,97.46,6.44,0.02,17.66
1991-06-27,18.671,19.087,92.13,3.33,0.88,14.2
1991-06-28,17.138,19.549,87.47,3.05,0.91,9.72
1991-06-29,21.076,20.131,82.98,3.83,0.0,9.91
1991-06-30,33.791,20.393,78.22,3.33,0.0,9.86
1991-07-01,1.327,19.529,74.14,5.48,0.0,12.88
1991-07-02,17.869,19.602,71.94,4.79,0.85,14.36
1991-07-03,37.332,20.279,71.73,2.2,4.31,10.4
1991-07-04,17.23,18.92,68.36,2.99,0.4,12.17
1991-07-05,26.573,19.775,67.55,5.0,0.0,17.04
1991-07-06,26.346,19.469,67.56,3.85,1.12,13.88
1991-07-07,12.136,19.223,67.55,3.68,0.0,12.27
1991-07-08,6.416,20.13,67.55,5.1,0.0,14.43
1991-07-09,21.051,20.179,67.56,5.0,0.38,16.92
1991-07-10,35.191,20.618,67.45,3.44,3.28,14.96
1991-07-11,26.752,19.469,62.45,6.34,0.03,18.32
1991-07-12,22.623,19.133,61.54,5.99,3.71,18.1
1991-07-13,20.797,19.082,60.27,3.51,1.18,16.61
1991-07-14,27.058,19.381,50.79,3.22,0.02,16.52
1991-07-15,4.128,18.749,45.29,3.61,0.0,16.17
1991-07-16,24.825,18.717,42.59,5.05,0.07,15.52
1991-07-17,20.079,18.392,40.24,5.54,3.45,17.45
1991-07-18,16.902,18.792,38.09,4.25,0.13,16.12
1991-07-19,29.379,19.175,36.04,6.14,0.0,16.53
1991-07-20,10.225,18.345,34.3,5.58,1.02,17.18
1991-07-21,18.699,19.469,32.69,3.84,1.72,17.08
1991-07-22,2.081,19.135,30.9,3.71,4.81,16.55
1991-07-23,17.798,19.09,29.56,5.8,0.09,18.71
1991-07-24,23.358,19.13,28.57,4.3,0.3,16.37
1991-07-25,26.873,18.231,27.85,3.32,0.36,14.85
1991-07-26,5.734,16.919,26.63,2.99,0.15,12.53
1991-07-27,11.332,18.172,25.3,3.27,0.13,10.44
1991-07-28,8.531,18.837,23.87,4.82,0.0,13.9
1991-07-29,0.012,19.8,22.62,5.23,0.0,17.19
1991-07-30,0.012,19.8,21.95,3.54,0.65,15.3
1991-07-31,0.012,19.813,21.4,3.3,0.23,13.13
1991-08-01,0.266,19.957,21.97,3.22,2.5,12.84
1991-08-02,4.176,20.11,22.21,3.38,1.22,13.55
1991-08-03,16.553,20.87,21.17,4.97,0.0,14.36
1991-08-04,15.887,20.805,19.98,5.51,0.0,16.67
1991-08-05,1.884,20.725,18.85,5.4,0.0,17.45
1991-08-06,9.199,20.849,17.79,5.53,0.0,17.93
1991-08-07,20.804,21.521,17.88,5.92,0.15,21.27
1991-08-08,16.318,20.782,26.99,3.43,11.08,15.77
1991-08-09,22.263,20.782,35.59,2.41,8.54,9.99
1991-08-10,20.899,20.79,40.05,2.42,6.5,11.8
1991-08-11,21.385,20.849,39.98,2.56,1.26,12.92
1991-08-12,2.432,20.565,40.19,3.15,1.96,15.04
1991-08-13,22.685,20.565,39.51,3.39,0.65,15.45
1991-08-14,22.402,20.539,37.15,5.23,0.0,17.66
1991-08-15,18.96,20.254,35.31,5.57,0.0,18.07
1991-08-16,1.77,20.254,33.62,2.84,0.26,16.48
1991-08-17,21.135,20.221,31.89,3.44,0.0,16.31
1991-08-18,19.618,19.848,30.2,2.93,0.07,15.58
1991-08-19,1.807,19.71,28.42,3.26,0.12,15.26
1991-08-20,20.684,19.672,26.77,4.51,0.07,15.67
1991-08-21,11.748,19.317,25.33,4.03,2.55,16.27
1991-08-22,18.777,19.948,24.0,3.95,0.08,18.35
1991-08-23,22.625,19.872,23.12,3.41,0.78,15.98
1991-08-24,15.861,19.383,21.98,2.99,0.0,15.23
1991-08-25,18.43,19.72,20.75,4.37,0.14,17.64
1991-08-26,1.601,19.504,19.6,4.76,0.0,18.53
1991-08-27,18.592,19.554,18.56,4.68,0.0,19.13
1991-08-28,13.389,19.524,17.71,4.14,1.19,18.88
1991-08-29,15.684,19.808,18.56,4.53,0.0,19.58
1991-08-30,12.847,19.928,17.95,4.27,0.0,20.07
1991-08-31,10.132,20.432,17.63,3.47,0.12,17.79
1991-09-01,17.469,21.394,22.34,1.84,5.73,15.32
1991-09-02,10.754,21.573,35.79,1.92,21.36,13.6
1991-09-03,11.615,20.849,37.28,2.34,8.3,14.01
1991-09-04,22.575,22.257,35.08,2.8,0.19,14.77
1991-09-05,25.086,22.05,33.45,2.75,0.88,15.14
1991-09-06,14.326,21.392,32.37,2.64,0.91,14.16
1991-09-07,16.389,21.96,35.24,2.69,7.03,15.26
1991-09-08,21.908,21.96,35.09,2.43,0.55,13.63
1991-09-09,2.049,21.96,33.19,3.1,0.0,13.01
1991-09-10,24.651,21.908,31.59,3.49,0.13,16.13
1991-09-11,24.53,21.288,31.58,2.56,8.72,15.04
1991-09-12,15.683,20.756,32.16,2.47,11.46,13.29
1991-09-13,23.031,21.138,31.43,1.85,1.25,12.02
1991-09-14,22.856,20.946,29.86,2.54,0.07,12.05
1991-09-15,9.18,20.797,28.24,2.91,0.14,12.34
1991-09-16,1.682,21.65,26.69,2.66,0.0,12.9
1991-09-17,14.03,21.593,25.18,2.84,0.0,13.9
1991-09-18,12.779,21.024,23.79,3.08,0.07,14.41
1991-09-19,19.152,21.624,22.53,3.22,0.07,14.72
1991-09-20,14.122,21.366,21.38,2.64,0.0,15.84
1991-09-21,20.422,21.603,20.41,2.52,0.18,15.5
1991-09-22,15.395,21.112,20.44,2.02,0.0,14.96
1991-09-23,1.411,21.34,27.64,2.03,12.53,15.04
1991-09-24,16.921,21.327,31.26,1.78,3.43,11.59
1991-09-25,16.172,21.193,32.57,2.93,0.54,14.78
1991-09-26,9.121,21.211,41.01,1.1,16.53,9.85
1991-09-27,7.432,20.57,42.69,1.15,2.92,6.66
1991-09-28,14.54,21.645,41.38,1.23,0.0,6.61
1991-09-29,18.153,21.562,40.51,1.06,8.62,6.71
1991-09-30,1.207,21.283,38.97,1.14,0.3,6.35
1991-10-01,14.72,21.353,39.06,1.07,1.56,7.21
1991-10-02,17.603,21.477,38.64,0.98,2.04,7.52
1991-10-03,19.851,21.244,36.91,1.09,0.0,6.11
1991-10-04,16.507,20.865,34.92,1.84,0.0,8.42
1991-10-05,13.596,20.779,33.78,1.57,0.01,9.72
1991-10-06,17.442,21.083,37.83,0.81,13.52,6.47
1991-10-07,1.207,20.998,37.75,1.0,0.18,3.47
1991-10-08,14.364,21.027,36.0,1.31,0.0,4.22
1991-10-09,13.24,21.392,34.9,1.13,0.95,8.51
1991-10-10,15.158,21.96,34.31,1.08,0.0,10.04
1991-10-11,19.457,21.939,35.67,0.88,4.22,8.44
1991-10-12,16.758,21.706,34.81,0.73,1.17,4.92
1991-10-13,0.881,21.655,33.83,0.7,0.0,5.04
1991-10-14,1.057,21.711,38.96,0.68,11.03,6.28
1991-10-15,13.282,21.752,43.3,0.79,5.78,7.27
1991-10-16,20.137,22.182,42.35,0.65,0.17,5.44
1991-10-17,22.817,21.817,40.38,0.69,0.0,5.86
1991-10-18,17.225,20.918,40.42,0.67,1.21,7.29
1991-10-19,14.349,20.748,44.98,0.72,9.1,6.28
1991-10-20,16.053,21.06,44.99,0.79,3.05,1.67
1991-10-21,1.16,21.06,42.75,0.49,0.0,-1.19
1991-10-22,14.326,21.083,40.48,0.42,0.54,-1.06
1991-10-23,18.83,21.314,38.33,0.35,0.0,-2.12
1991-10-24,19.355,20.983,36.42,0.56,0.0,-1.74
1991-10-25,14.866,20.472,34.88,0.61,0.0,0.24
1991-10-26,8.828,20.57,47.0,0.39,0.26,3.33
1991-10-27,10.979,21.727,61.79,0.4,19.53,2.28
1991-10-28,3.629,22.584,49.64,0.4,2.15,2.19
1991-10-29,27.208,22.507,45.76,0.4,2.1,2.32
1991-10-30,14.637,21.094,43.26,0.38,0.02,2.89
1991-10-31,21.294,21.856,41.5,0.48,1.6,4.01
1991-11-01,22.992,22.355,40.12,0.42,0.0,5.75
1991-11-02,2.84,21.588,38.65,0.28,0.0,4.66
1991-11-03,17.007,21.588,38.25,0.33,0.57,7.14
1991-11-04,1.404,21.588,41.9,0.33,5.24,7.36
1991-11-05,17.477,21.65,44.55,0.34,5.95,3.34
1991-11-06,24.27,22.327,44.66,0.36,5.55,1.22
1991-11-07,23.191,22.27,42.63,0.09,0.05,-2.8
1991-11-08,21.899,22.296,40.62,0.12,0.0,0.32
1991-11-09,28.672,22.527,38.97,0.32,0.0,3.43
1991-11-10,21.323,21.95,38.43,0.25,4.14,0.56
1991-11-11,1.745,21.832,36.78,0.14,0.0,-1.42
1991-11-12,17.628,21.848,35.19,0.22,0.0,0.66
1991-11-13,24.972,22.332,35.13,0.24,0.0,4.45
1991-11-14,27.631,22.275,36.83,0.31,7.07,-0.01
1991-11-15,18.327,21.727,37.91,0.32,2.17,1.35
1991-11-16,34.278,22.445,42.96,0.28,8.6,2.65
1991-11-17,28.688,20.857,44.98,0.4,12.53,1.39
1991-11-18,1.168,19.65,44.34,0.39,0.62,4.19
1991-11-19,14.358,19.724,44.94,0.27,3.06,3.25
1991-11-20,18.326,20.591,44.58,0.24,3.09,-0.29
1991-11-21,20.957,21.232,43.11,0.24,6.12,-1.94
1991-11-22,25.471,21.384,41.08,0.37,0.42,-1.43
1991-11-23,23.493,21.167,38.88,0.3,0.0,-3.16
1991-11-24,21.251,20.983,36.77,0.04,0.0,-5.21
1991-11-25,16.791,21.265,34.92,0.06,0.0,-3.26
1991-11-26,33.623,22.378,34.52,0.11,0.0,1.69
1991-11-27,20.384,21.213,33.23,0.18,0.0,-0.09
1991-11-28,21.901,21.518,32.42,0.12,0.0,1.44
1991-11-29,22.952,21.451,31.92,0.02,0.0,1.51
1991-11-30,23.646,21.619,34.17,0.22,6.57,1.13
1991-12-01,28.411,21.232,40.13,0.28,13.73,1.72
1991-12-02,14.518,20.849,43.49,0.28,10.11,2.02
1991-12-03,39.138,22.27,40.78,0.27,0.82,0.81
1991-12-04,30.019,22.231,38.65,0.12,0.88,-1.39
1991-12-05,22.408,21.843,36.61,0.0,0.0,-1.81
1991-12-06,31.688,22.128,34.7,0.01,0.1,-1.91
1991-12-07,17.421,20.681,32.81,0.01,0.03,-4.64
1991-12-08,31.053,21.857,30.98,0.0,0.0,-5.15
1991-12-09,11.716,20.875,29.3,0.14,0.0,-3.33
1991-12-10,31.393,22.496,27.74,0.02,0.0,-3.99
1991-12-11,28.38,21.521,26.54,0.03,0.1,-2.46
1991-12-12,22.447,20.777,25.78,0.02,2.48,-2.56
1991-12-13,19.957,20.733,24.73,0.03,0.84,-2.81
1991-12-14,19.064,20.898,23.49,0.06,0.0,-3.56
1991-12-15,23.253,21.138,23.26,0.02,0.0,-2.62
1991-12-16,12.722,21.088,24.08,0.11,2.63,1.07
1991-12-17,22.653,22.412,23.02,0.0,0.04,-2.03
1991-12-18,20.736,22.242,21.83,0.03,0.03,-1.54
1991-12-19,18.394,21.937,20.94,0.21,0.06,1.81
1991-12-20,27.267,21.919,21.96,0.04,5.5,0.24
1991-12-21,16.351,20.782,23.51,0.56,8.33,1.39
1991-12-22,12.673,20.829,23.67,0.36,1.43,3.25
1991-12-23,14.068,21.405,23.75,0.14,0.02,0.88
1991-12-24,21.766,22.05,24.27,0.62,0.0,2.79
1991-12-25,13.494,21.397,24.45,0.35,1.03,0.96
1991-12-26,14.98,22.037,23.37,0.06,0.0,-3.35
1991-12-27,24.119,22.156,22.14,0.18,0.07,-3.63
1991-12-28,19.226,21.58,21.13,0.25,0.03,-2.29
1991-12-29,18.139,21.461,20.04,0.05,0.03,-2.84
1991-12-30,12.346,21.174,18.97,0.04,0.07,-3.69
1991-12-31,19.509,22.058,17.98,0.05,0.14,-3.46
1992-01-01,16.0,21.794,17.05,0.08,0.06,-2.67
1992-01-02,15.548,22.081,16.16,0.18,0.0,-6.06
1992-01-03,27.272,22.647,15.34,0.0,0.07,-4.36
1992-01-04,17.572,21.703,14.55,0.0,0.09,-5.06
1992-01-05,21.661,21.934,13.8,0.05,0.17,-4.58
1992-01-06,13.446,21.689,13.1,0.09,0.03,-3.64
1992-01-07,17.087,22.154,12.46,0.17,0.22,-1.44
1992-01-08,25.984,22.502,11.85,0.2,0.18,-0.36
1992-01-09,18.231,21.65,11.7,0.11,0.05,2.7
1992-01-10,17.32,21.676,12.11,0.09,4.07,-2.11
1992-01-11,20.848,21.934,11.84,0.14,1.57,-2.51
1992-01-12,17.776,21.65,12.09,0.05,0.06,-1.28
1992-01-13,12.464,21.715,12.53,0.27,9.03,-2.36
1992-01-14,22.881,22.34,11.72,0.06,0.34,-2.46
1992-01-15,21.492,21.314,11.27,0.14,0.0,-3.76
1992-01-16,8.274,20.352,11.17,0.26,0.0,-3.34
1992-01-17,13.894,20.402,11.08,0.29,0.0,-2.28
1992-01-18,10.19,20.329,11.01,0.26,0.04,-2.19
1992-01-19,11.534,20.475,10.94,0.15,0.0,-6.38
1992-01-20,4.192,20.511,10.87,0.07,0.0,-6.19
1992-01-21,13.924,20.575,10.82,0.14,2.12,-5.41
1992-01-22,16.499,20.326,10.77,0.14,1.28,-6.21
1992-01-23,10.925,20.121,10.71,0.11,8.68,-7.56
1992-01-24,8.173,20.391,10.89,0.24,5.01,-6.34
1992-01-25,13.007,20.862,11.24,0.21,3.52,-6.83
1992-01-26,11.796,20.72,11.43,0.01,0.06,-4.21
1992-01-27,2.514,20.751,11.33,0.06,0.0,-3.86
1992-01-28,13.267,21.086,11.3,0.06,0.0,-5.73
1992-01-29,10.827,21.029,11.42,0.04,0.0,-5.83
1992-01-30,11.302,21.003,11.35,0.12,0.0,-4.05
1992-01-31,8.947,20.72,11.2,0.08,0.0,-3.05
1992-02-01,9.536,20.72,11.12,0.14,0.0,-1.98
1992-02-02,15.223,20.72,11.22,0.03,0.22,-4.54
1992-02-03,6.988,20.673,11.38,0.15,0.09,-3.4
1992-02-04,12.321,20.182,11.47,0.14,0.0,-1.07
1992-02-05,9.535,20.462,11.57,0.55,0.04,1.32
1992-02-06,22.691,20.985,11.53,0.29,0.0,1.62
1992-02-07,20.868,20.508,11.46,0.31,0.0,-0.84
1992-02-08,22.867,20.521,11.4,0.1,0.21,-1.01
1992-02-09,10.301,20.008,11.67,0.31,0.0,1.88
1992-02-10,0.763,19.7,12.47,0.23,0.12,1.1
1992-02-11,8.964,20.241,12.95,0.18,0.0,0.11
1992-02-12,7.418,20.1,14.51,0.2,0.0,3.11
1992-02-13,13.588,20.055,18.06,0.45,4.71,4.67
1992-02-14,13.156,19.504,19.24,0.52,4.55,-0.4
1992-02-15,0.0,18.975,18.8,0.32,0.16,-0.13
1992-02-16,0.416,19.864,18.98,0.35,0.0,2.85
1992-02-17,5.89,20.596,18.7,0.33,3.29,-0.63
1992-02-18,15.723,20.897,17.86,0.29,0.56,-3.98
1992-02-19,14.492,20.446,17.0,0.3,0.34,-5.22
1992-02-20,12.036,20.151,16.2,0.38,0.0,-4.22
1992-02-21,18.588,19.975,15.35,0.38,0.0,-4.9
1992-02-22,18.537,19.19,14.53,0.54,0.0,-4.8
1992-02-23,8.774,18.43,13.83,0.59,0.0,-4.18
1992-02-24,0.711,18.615,13.94,0.87,0.0,0.7
1992-02-25,8.842,19.449,14.49,0.61,0.61,1.29
1992-02-26,11.957,19.549,15.23,0.56,2.12,0.32
1992-02-27,8.2,19.452,15.25,0.5,0.79,-2.28
1992-02-28,4.694,19.628,16.04,0.6,0.1,2.58
1992-02-29,5.527,20.071,16.95,0.68,0.0,2.38
1992-03-01,0.0,20.477,17.63,0.96,0.0,3.92
1992-03-02,1.315,21.286,17.79,0.72,0.01,2.55
1992-03-03,15.212,22.019,17.49,0.66,0.0,1.01
1992-03-04,9.766,21.658,17.08,0.71,0.0,2.55
1992-03-05,17.251,21.729,18.41,0.83,0.98,4.15
1992-03-06,8.053,21.588,19.4,0.62,1.23,3.22
1992-03-07,0.0,21.588,19.53,0.73,0.32,0.05
1992-03-08,0.0,21.588,20.38,0.96,0.0,4.7
1992-03-09,0.539,21.588,21.79,0.75,4.72,0.6
1992-03-10,5.931,21.541,21.26,0.76,0.13,-0.86
1992-03-11,0.0,21.037,21.18,1.11,0.02,2.97
1992-03-12,1.295,21.122,20.79,0.81,1.67,-0.89
1992-03-13,14.336,21.032,19.74,0.83,0.0,0.23
1992-03-14,1.988,20.032,19.12,1.1,0.2,3.52
1992-03-15,12.405,19.95,19.12,1.16,0.97,4.23
1992-03-16,12.442,19.86,19.5,1.2,0.26,4.15
1992-03-17,10.822,18.785,19.25,1.18,0.0,1.96
1992-03-18,0.0,17.85,19.75,1.64,0.0,4.89
1992-03-19,0.087,17.85,19.95,1.2,0.34,5.09
1992-03-20,0.984,17.843,19.69,1.22,0.0,4.16
1992-03-21,0.347,17.758,20.12,1.49,0.0,5.58
1992-03-22,0.318,17.727,19.99,1.88,0.0,5.74
1992-03-23,0.719,17.7,21.19,1.85,0.0,6.71
1992-03-24,9.723,17.638,24.08,0.96,5.47,0.98
1992-03-25,20.01,16.798,23.16,1.04,2.52,-1.74
1992-03-26,2.248,15.074,22.26,1.09,1.26,-1.67
1992-03-27,24.731,14.933,21.53,1.14,9.54,-1.26
1992-03-28,0.0,12.796,20.92,1.3,7.43,-1.26
1992-03-29,0.0,12.796,20.28,1.19,1.18,-2.82
1992-03-30,0.0,12.796,19.89,1.57,0.0,0.94
1992-03-31,0.0,12.796,20.96,1.16,1.31,1.49
1992-04-01,0.001,12.796,20.41,1.3,0.91,-0.92
1992-04-02,0.012,12.796,19.93,1.41,0.64,1.08
1992-04-03,0.012,12.8,23.7,1.32,0.08,4.31
1992-04-04,0.012,12.85,42.14,1.51,0.22,4.23
1992-04-05,0.012,12.854,61.02,1.11,36.67,2.67
1992-04-06,0.012,12.91,51.91,1.23,5.36,0.3
1992-04-07,4.719,12.984,43.98,1.76,0.11,1.93
1992-04-08,53.138,12.577,41.77,1.24,3.39,0.69
1992-04-09,14.886,7.986,40.91,1.44,14.57,1.84
1992-04-10,0.012,6.7,40.86,2.43,0.34,4.07
1992-04-11,0.012,6.7,39.78,2.4,0.0,3.67
1992-04-12,0.012,6.7,39.05,2.74,0.0,5.3
1992-04-13,0.012,6.7,38.28,2.23,1.93,5.13
1992-04-14,0.012,6.842,37.08,1.99,0.08,1.93
1992-04-15,0.012,8.631,37.96,2.97,2.38,6.83
1992-04-16,0.012,11.384,39.82,2.06,4.99,2.87
1992-04-17,0.012,14.195,38.34,1.86,0.64,-0.96
1992-04-18,0.012,16.81,36.81,1.97,1.56,0.91
1992-04-19,0.012,16.934,36.1,2.09,0.22,5.05
1992-04-20,1.228,18.3,34.95,2.11,0.0,4.38
1992-04-21,14.606,18.27,34.76,3.67,0.0,6.9
1992-04-22,14.714,17.999,35.06,3.5,0.0,7.2
1992-04-23,15.822,18.699,36.16,3.04,0.5,8.43
1992-04-24,15.174,19.175,35.56,2.28,0.0,5.58
1992-04-25,17.563,19.574,37.52,4.47,0.0,11.7
1992-04-26,13.241,19.77,39.5,2.63,0.0,9.39
1992-04-27,1.633,20.1,42.42,3.45,0.0,11.36
1992-04-28,19.387,20.075,42.88,2.8,0.0,9.7
1992-04-29,18.401,19.825,42.39,1.87,4.55,4.89
1992-04-30,18.524,20.126,41.74,2.38,8.19,2.24
1992-05-01,28.735,20.374,41.55,2.26,0.9,4.0
1992-05-02,2.603,19.98,58.41,1.8,25.18,6.08
1992-05-03,25.474,20.047,65.17,0.5,16.78,0.4
1992-05-04,1.649,20.803,64.27,1.51,1.05,2.62
1992-05-05,21.188,21.107,63.38,2.59,0.01,6.67
1992-05-06,37.454,21.882,62.54,2.66,0.0,5.31
1992-05-07,30.565,21.029,61.72,2.61,0.0,7.15
1992-05-08,29.118,21.003,61.05,3.14,0.22,7.68
1992-05-09,30.0,20.707,60.39,3.14,0.0,7.51
1992-05-10,25.101,20.578,59.69,3.43,0.0,7.68
1992-05-11,2.787,20.72,59.03,3.33,0.85,9.95
1992-05-12,26.78,20.707,58.32,2.4,0.1,5.47
1992-05-13,28.527,20.565,57.66,4.46,0.0,10.32
1992-05-14,23.028,20.63,57.44,4.73,0.0,12.38
1992-05-15,38.678,21.224,57.58,4.84,0.02,10.64
1992-05-16,25.33,19.978,58.25,4.87,0.0,12.1
1992-05-17,26.44,20.257,59.71,4.87,0.0,13.73
1992-05-18,3.995,19.962,61.31,4.79,0.0,13.39
1992-05-19,30.291,20.05,62.85,5.37,0.0,15.46
1992-05-20,23.302,19.588,64.45,3.64,2.76,12.18
1992-05-21,33.136,20.547,65.37,2.64,5.53,9.99
1992-05-22,34.038,20.301,65.21,2.92,0.3,9.9
1992-05-23,29.039,19.851,65.16,2.48,8.98,9.98
1992-05-24,31.522,20.364,65.23,2.81,3.73,9.8
1992-05-25,1.982,19.88,65.18,2.61,1.76,8.77
1992-05-26,24.247,20.177,65.52,3.99,0.17,10.24
1992-05-27,30.869,21.032,67.56,3.89,9.78,12.71
1992-05-28,30.24,21.037,70.25,3.73,0.27,13.54
1992-05-29,22.867,20.849,76.76,2.72,6.41,11.19
1992-05-30,34.486,21.575,87.76,2.69,0.55,11.84
1992-05-31,31.098,21.428,93.66,2.44,7.44,10.86
1992-06-01,3.493,21.394,135.04,2.86,7.46,10.44
1992-06-02,41.536,21.642,128.41,1.73,27.04,7.31
1992-06-03,39.178,21.554,115.13,2.65,10.78,8.85
1992-06-04,42.564,21.487,111.23,2.7,8.24,8.18
1992-06-05,37.573,21.045,106.2,1.79,4.39,4.65
1992-06-06,35.833,20.888,109.48,2.55,0.12,6.24
1992-06-07,39.255,20.959,112.18,2.33,5.3,7.16
1992-06-08,3.207,20.21,106.71,2.68,3.9,8.01
1992-06-09,36.823,20.322,118.69,3.19,0.45,8.89
1992-06-10,19.824,19.375,119.1,2.07,31.2,6.38
1992-06-11,33.707,19.562,112.85,1.43,31.17,4.16
1992-06-12,31.235,18.513,111.04,2.63,1.99,6.73
1992-06-13,18.073,17.75,113.24,2.75,1.11,8.19
1992-06-14,39.22,20.009,108.62,2.78,3.77,8.53
1992-06-15,57.325,20.663,104.58,3.78,0.06,12.37
1992-06-16,62.898,20.712,106.78,3.53,2.13,12.25
1992-06-17,66.682,20.66,134.74,3.15,7.58,12.18
1992-06-18,50.016,20.952,116.91,2.62,18.53,10.81
1992-06-19,62.407,20.055,108.94,3.24,0.27,11.89
1992-06-20,62.407,19.534,104.59,3.09,1.02,6.95
1992-06-21,62.407,19.205,100.34,3.17,0.24,6.63
1992-06-22,62.32,18.535,96.97,3.41,0.0,9.2
1992-06-23,59.979,17.91,101.88,2.59,0.19,8.48
1992-06-24,44.708,19.005,122.95,2.65,20.31,8.67
1992-06-25,44.665,20.244,110.99,2.22,8.94,7.49
1992-06-26,47.282,21.097,103.36,2.99,0.13,9.93
1992-06-27,62.103,20.406,97.5,3.86,0.0,11.11
1992-06-28,60.313,19.71,92.83,5.35,0.0,13.29
1992-06-29,36.714,20.05,88.21,5.2,0.05,15.79
1992-06-30,51.03,20.081,86.5,3.59,0.11,14.96
1992-07-01,45.006,19.225,97.67,1.57,10.93,10.63
1992-07-02,35.305,19.575,93.87,2.43,7.48,10.53
1992-07-03,43.72,20.389,88.28,3.35,0.35,11.49
1992-07-04,68.198,20.006,85.78,4.57,0.29,14.56
1992-07-05,45.617,18.33,94.55,2.45,3.01,10.17
1992-07-06,20.025,18.96,96.33,2.73,5.37,9.41
1992-07-07,70.653,22.039,89.51,2.64,2.65,9.67
1992-07-08,46.468,19.512,86.16,2.96,2.27,11.24
1992-07-09,50.286,19.612,83.34,2.93,2.39,11.05
1992-07-10,51.765,19.125,88.53,3.49,0.12,13.48
1992-07-11,46.736,18.2,84.78,1.88,6.17,8.38
1992-07-12,9.419,17.492,79.06,3.67,0.16,11.94
1992-07-13,31.853,21.76,74.56,3.66,0.0,11.18
1992-07-14,49.044,21.232,70.23,4.08,0.0,12.29
1992-07-15,47.143,20.563,67.6,5.65,0.08,15.64
1992-07-16,40.838,18.745,67.56,5.55,0.01,18.24
1992-07-17,23.254,17.78,67.55,3.1,1.1,14.78
1992-07-18,26.1,18.717,67.54,3.66,0.0,14.22
1992-07-19,32.074,19.315,67.54,5.45,0.08,16.64
1992-07-20,4.48,18.972,64.78,5.83,0.0,19.0
1992-07-21,26.373,19.482,57.54,6.46,0.22,19.42
1992-07-22,34.195,19.875,55.13,2.84,2.18,13.87
1992-07-23,28.898,19.012,52.16,3.93,0.13,12.68
1992-07-24,18.983,18.658,49.39,6.01,0.0,17.63
1992-07-25,19.611,19.409,40.93,3.52,0.31,13.85
1992-07-26,33.427,20.694,37.18,5.05,0.05,16.06
1992-07-27,5.605,20.397,35.17,5.68,0.0,18.84
1992-07-28,35.797,20.229,33.28,3.95,0.0,17.05
1992-07-29,38.449,19.912,31.4,4.68,0.11,17.01
1992-07-30,38.022,19.524,29.7,4.8,0.01,19.28
1992-07-31,34.657,19.928,28.07,4.52,0.0,18.57
1992-08-01,50.361,21.262,26.69,4.57,0.0,18.75
1992-08-02,57.292,20.259,25.75,4.23,0.27,18.87
1992-08-03,14.111,18.906,24.58,4.46,0.09,19.98
1992-08-04,59.137,22.172,23.47,3.08,1.46,15.91
1992-08-05,49.901,21.034,22.23,3.27,0.0,14.47
1992-08-06,48.483,20.397,20.95,4.52,0.08,17.59
1992-08-07,47.487,20.229,19.79,4.24,1.37,18.79
1992-08-08,44.817,19.925,19.73,4.94,0.39,20.26
1992-08-09,26.058,19.512,44.17,3.98,8.47,17.44
1992-08-10,19.104,18.329,57.04,2.27,12.75,8.92
1992-08-11,43.036,21.895,46.24,3.61,0.22,13.93
1992-08-12,44.61,21.107,42.69,2.65,0.09,13.41
1992-08-13,39.071,20.216,40.02,3.08,0.5,14.42
1992-08-14,25.041,19.954,37.68,2.89,0.0,13.25
1992-08-15,50.314,21.547,35.55,2.77,0.07,12.51
1992-08-16,19.479,20.402,34.0,3.51,0.22,12.67
1992-08-17,21.823,20.29,32.15,3.74,0.0,15.53
1992-08-18,37.34,19.942,30.35,5.09,0.0,19.63
1992-08-19,32.377,19.25,29.84,4.64,0.18,21.16
1992-08-20,34.869,19.795,29.12,3.12,0.25,18.91
1992-08-21,48.221,19.645,28.3,3.52,0.0,16.37
1992-08-22,37.708,18.68,27.76,3.26,0.16,15.86
1992-08-23,41.372,19.529,27.43,4.28,0.01,17.73
1992-08-24,34.742,19.34,26.39,3.13,0.08,15.58
1992-08-25,42.523,20.875,24.94,3.9,0.08,16.97
1992-08-26,44.577,20.76,23.67,4.09,1.06,20.58
1992-08-27,29.396,19.549,22.41,2.78,0.08,15.01
1992-08-28,28.41,20.1,21.17,4.24,0.0,18.62
1992-08-29,27.24,20.126,21.97,3.37,4.82,15.73
1992-08-30,8.039,20.614,23.48,2.04,1.84,7.96
1992-08-31,12.091,22.784,23.02,3.33,0.0,12.9
1992-09-01,31.37,22.012,24.66,2.61,3.65,9.72
1992-09-02,39.543,22.527,23.98,2.81,0.02,7.87
1992-09-03,40.944,21.882,22.75,3.61,0.0,12.56
1992-09-04,42.659,20.952,22.18,2.71,0.24,11.82
1992-09-05,38.451,20.038,21.53,2.05,0.69,7.44
1992-09-06,36.988,19.25,20.52,2.3,0.13,8.48
1992-09-07,2.225,18.142,19.47,3.3,0.08,12.3
1992-09-08,15.376,18.207,20.06,2.16,5.19,13.01
1992-09-09,19.529,19.956,27.02,1.18,24.71,8.72
1992-09-10,35.814,21.327,31.41,1.55,2.88,7.27
1992-09-11,55.102,20.927,31.5,2.98,0.08,13.09
1992-09-12,12.766,18.27,29.86,1.87,0.4,12.21
1992-09-13,34.343,20.191,28.12,2.78,0.1,13.4
1992-09-14,1.617,19.499,26.62,2.72,0.0,14.5
1992-09-15,21.341,19.601,25.16,1.71,0.0,11.21
1992-09-16,41.803,20.598,23.78,2.42,0.01,11.79
1992-09-17,30.754,19.25,22.56,3.0,0.0,13.94
1992-09-18,21.469,19.22,21.47,2.46,0.76,15.08
1992-09-19,35.294,20.05,20.51,1.36,0.94,10.33
1992-09-20,31.935,19.462,19.35,1.93,0.08,11.15
1992-09-21,2.534,19.05,18.36,2.36,0.09,14.91
1992-09-22,30.377,19.06,18.51,1.78,1.28,13.22
1992-09-23,29.576,19.172,18.91,1.46,1.08,7.9
1992-09-24,25.306,19.25,18.26,1.34,0.3,7.12
1992-09-25,36.552,19.717,17.37,1.65,0.08,9.57
1992-09-26,22.523,18.973,118.99,2.41,0.0,13.38
1992-09-27,37.221,20.751,155.18,1.11,35.54,10.91
1992-09-28,19.501,20.436,83.75,1.07,6.47,6.83
1992-09-29,34.849,20.797,72.21,1.02,0.08,6.14
1992-09-30,50.575,21.573,67.78,1.34,0.0,9.64
1992-10-01,43.085,20.643,67.6,1.29,0.08,10.36
1992-10-02,44.641,19.663,67.6,1.26,0.0,10.97
1992-10-03,39.113,18.175,67.59,1.04,4.33,8.85
1992-10-04,42.514,18.457,67.59,1.19,21.22,5.91
1992-10-05,26.079,18.711,67.62,1.05,60.41,4.71
1992-10-06,40.741,20.637,67.6,0.72,32.35,4.09
1992-10-07,37.716,21.176,67.6,0.75,8.08,5.12
1992-10-08,50.807,22.087,67.72,0.79,0.43,5.76
1992-10-09,53.64,21.745,67.66,0.79,19.38,6.87
1992-10-10,66.116,21.279,72.58,0.75,7.92,6.31
1992-10-11,52.91,19.495,75.6,0.77,7.34,6.61
1992-10-12,25.947,18.652,73.93,0.71,1.33,5.19
1992-10-13,53.613,20.773,71.91,0.73,2.08,5.68
1992-10-14,37.814,19.687,70.56,0.66,1.01,4.99
1992-10-15,38.979,20.038,67.92,0.62,0.0,4.88
1992-10-16,26.289,19.464,67.63,0.6,1.05,4.22
1992-10-17,40.447,20.707,67.63,0.55,7.38,3.86
1992-10-18,46.394,20.501,67.63,0.51,0.46,1.32
1992-10-19,24.296,19.933,67.8,0.47,2.42,2.78
1992-10-20,41.903,21.443,67.63,0.49,13.74,2.18
1992-10-21,50.397,21.856,68.51,0.5,5.26,4.63
1992-10-22,49.583,21.384,67.66,0.4,1.73,0.96
1992-10-23,53.263,21.167,67.61,0.44,9.06,2.26
1992-10-24,73.47,20.82,67.61,0.69,5.34,5.76
1992-10-25,63.486,19.2,67.61,0.61,0.67,5.57
1992-10-26,34.76,19.327,67.61,0.45,0.8,5.41
1992-10-27,47.22,20.72,67.61,0.47,0.62,4.92
1992-10-28,57.159,20.668,67.6,0.45,0.14,6.55
1992-10-29,50.574,20.203,67.65,0.55,4.05,6.32
1992-10-30,67.675,21.288,67.63,0.45,5.65,4.74
1992-10-31,78.204,20.746,67.84,0.41,2.92,2.48
1992-11-01,121.112,21.034,67.67,0.39,30.58,0.14
1992-11-02,119.922,21.06,67.62,0.28,6.52,-1.73
1992-11-03,101.94,20.72,67.62,0.19,2.89,2.63
1992-11-04,94.462,20.797,67.62,0.26,0.27,5.33
1992-11-05,81.383,21.446,67.62,0.31,1.67,6.47
1992-11-06,80.933,19.225,67.62,0.09,0.42,4.6
1992-11-07,79.318,19.424,67.62,0.13,0.49,5.45
1992-11-08,73.765,18.53,67.16,0.19,0.46,7.35
1992-11-09,36.045,18.032,58.96,0.36,0.15,5.98
1992-11-10,77.193,20.939,51.26,0.21,0.08,5.55
1992-11-11,60.659,19.962,48.71,0.23,0.48,3.13
1992-11-12,49.371,20.157,47.37,0.38,9.71,4.85
1992-11-13,53.444,20.772,47.67,0.29,1.11,3.41
1992-11-14,61.839,20.587,49.88,0.39,9.04,5.49
1992-11-15,67.339,19.725,48.63,0.14,0.16,7.84
1992-11-16,32.672,19.207,47.86,0.27,4.71,1.99
1992-11-17,75.917,22.502,49.03,0.21,10.93,2.77
1992-11-18,65.045,21.637,48.64,0.36,7.45,1.24
1992-11-19,58.241,21.521,48.4,0.45,1.31,5.35
1992-11-20,70.13,21.675,48.48,0.29,1.14,5.65
1992-11-21,67.167,20.216,47.83,0.15,0.24,5.62
1992-11-22,57.821,19.8,45.86,0.07,0.23,2.29
1992-11-23,42.877,20.055,43.78,0.1,0.2,2.29
1992-11-24,72.777,22.784,41.74,0.21,0.09,2.75
1992-11-25,64.503,21.908,39.86,0.44,0.13,4.15
1992-11-26,60.224,21.314,38.12,0.02,0.0,3.01
1992-11-27,57.471,20.827,37.2,0.13,1.58,6.19
1992-11-28,38.314,18.588,35.85,0.01,0.1,4.17
1992-11-29,41.701,18.337,34.42,0.03,0.24,3.3
1992-11-30,18.853,17.275,32.84,0.02,0.14,0.64
1992-12-01,42.66,19.301,31.26,0.05,0.0,3.12
1992-12-02,62.959,20.259,29.75,0.0,0.1,2.27
1992-12-03,37.722,18.575,30.29,0.03,3.01,3.51
1992-12-04,29.543,18.4,32.04,0.08,3.28,2.31
1992-12-05,44.27,19.474,35.17,0.18,7.52,2.12
1992-12-06,42.319,19.15,34.09,0.19,5.43,-1.75
1992-12-07,35.355,18.65,33.18,0.19,6.76,2.01
1992-12-08,39.137,19.2,32.6,0.28,14.1,1.42
1992-12-09,36.989,19.2,31.26,0.29,5.04,-0.14
1992-12-10,44.255,19.22,29.58,0.19,0.3,-1.16
1992-12-11,51.119,19.494,27.97,0.18,0.21,-2.0
1992-12-12,47.067,20.165,26.45,0.12,0.0,-4.14
1992-12-13,56.565,20.573,25.17,0.15,2.83,-2.19
1992-12-14,29.221,17.454,24.06,0.0,1.21,-2.64
1992-12-15,22.204,19.841,22.89,0.06,0.05,-0.33
1992-12-16,38.205,21.281,23.02,0.03,0.02,2.14
1992-12-17,42.362,21.286,24.13,0.02,1.98,1.22
1992-12-18,38.456,21.034,23.42,0.14,0.08,1.83
1992-12-19,46.853,21.008,22.78,0.18,0.0,3.19
1992-12-20,56.21,19.938,22.39,0.11,0.0,3.08
1992-12-21,30.569,18.212,21.58,0.12,0.0,2.39
1992-12-22,34.742,18.912,20.63,0.12,0.0,2.68
1992-12-23,34.14,19.063,19.84,0.05,0.08,1.01
1992-12-24,34.621,19.225,20.05,0.02,2.05,1.87
1992-12-25,44.718,19.424,20.61,0.21,1.39,1.04
1992-12-26,32.253,18.663,21.5,0.01,0.07,0.24
1992-12-27,46.564,19.263,21.05,0.0,0.92,-2.21
1992-12-28,28.169,18.375,19.93,0.03,0.04,-2.29
1992-12-29,45.313,19.137,18.85,0.18,0.0,-2.9
1992-12-30,40.785,18.392,17.87,0.01,0.0,-4.63
1992-12-31,24.493,17.88,16.94,0.03,0.09,-5.9
1993-01-01,37.613,19.16,16.05,0.06,0.09,-5.53
1993-01-02,24.978,18.809,15.22,0.21,0.0,-3.54
1993-01-03,27.597,19.877,14.42,0.15,0.08,-6.56
1993-01-04,27.546,20.797,13.66,0.11,0.0,-8.27
1993-01-05,48.084,21.547,12.97,0.07,0.08,-7.43
1993-01-06,24.978,20.488,12.51,0.07,0.0,-3.52
1993-01-07,28.412,21.392,12.38,0.12,0.0,-0.44
1993-01-08,36.511,21.986,12.05,0.01,0.0,-0.74
1993-01-09,49.202,22.192,11.7,0.04,0.18,-0.66
1993-01-10,36.461,21.288,11.4,0.11,0.1,-0.11
1993-01-11,20.432,20.862,11.32,0.26,0.09,1.56
1993-01-12,46.03,22.335,11.31,0.11,0.13,0.75
1993-01-13,35.174,21.34,11.45,0.22,0.0,2.85
1993-01-14,29.003,21.412,11.76,0.12,0.0,2.76
1993-01-15,42.393,22.156,11.93,0.02,0.14,1.79
1993-01-16,41.449,21.541,11.77,0.02,0.0,2.56
1993-01-17,27.307,21.076,11.28,0.0,0.0,0.36
1993-01-18,26.659,21.611,11.02,0.12,0.0,1.17
1993-01-19,7.859,21.874,10.57,0.05,0.08,-1.28
1993-01-20,7.939,21.96,10.43,0.02,0.0,-1.21
1993-01-21,8.771,21.934,10.4,0.02,0.0,-2.5
1993-01-22,9.071,21.637,10.38,0.14,0.0,-2.04
1993-01-23,20.266,21.513,10.37,0.27,0.0,-1.21
1993-01-24,41.267,21.628,10.36,0.11,0.0,-1.92
1993-01-25,23.701,20.797,10.36,0.26,0.1,-1.06
1993-01-26,31.227,21.676,10.36,0.27,6.58,-0.25
1993-01-27,29.383,22.012,10.35,0.03,0.15,-3.65
1993-01-28,35.153,22.579,10.35,0.15,0.93,-1.54
1993-01-29,42.871,22.489,10.33,0.07,0.1,-3.55
1993-01-30,26.323,21.547,10.31,0.31,0.0,0.5
1993-01-31,36.004,22.037,10.31,0.19,0.0,2.29
1993-02-01,19.4,21.255,10.31,0.26,0.0,2.68
1993-02-02,25.975,22.006,10.31,0.15,0.0,0.71
1993-02-03,24.454,21.858,10.3,0.21,0.08,-1.19
1993-02-04,30.704,22.076,10.85,0.4,0.0,0.87
1993-02-05,25.048,21.676,14.96,0.35,3.39,2.79
1993-02-06,22.361,21.986,16.04,0.34,6.56,0.01
1993-02-07,40.241,22.192,15.29,0.23,0.15,-1.38
1993-02-08,25.81,21.379,14.8,0.16,0.0,-1.65
1993-02-09,29.323,21.791,15.46,0.43,2.47,-0.39
1993-02-10,24.534,21.624,15.29,0.25,0.2,1.58
1993-02-11,24.794,21.34,15.37,0.29,0.1,1.96
1993-02-12,28.621,21.262,15.75,0.29,0.13,2.75
1993-02-13,20.472,20.436,15.8,0.28,0.04,0.99
1993-02-14,24.564,20.72,15.66,0.38,0.1,0.56
1993-02-15,21.325,20.772,15.21,0.28,0.08,-0.09
1993-02-16,27.693,21.34,14.72,0.27,0.0,-0.32
1993-02-17,32.332,21.262,14.2,0.65,0.1,1.23
1993-02-18,30.095,20.384,13.51,0.51,0.0,0.0
1993-02-19,38.522,19.95,12.82,0.38,0.0,-1.09
1993-02-20,24.758,18.313,12.11,0.37,0.08,-0.69
1993-02-21,26.687,18.42,11.49,0.58,0.0,-1.52
1993-02-22,22.447,18.108,11.33,0.75,4.4,-1.69
1993-02-23,21.763,18.325,10.84,0.58,0.11,-4.43
1993-02-24,29.179,18.55,10.65,0.47,0.0,-5.7
1993-02-25,16.163,18.074,10.59,0.52,0.0,-8.72
1993-02-26,26.977,18.862,10.55,0.61,0.0,-7.21
1993-02-27,13.457,18.433,10.54,0.55,0.6,-3.16
1993-02-28,25.403,18.17,10.55,0.51,0.26,-4.37
1993-03-01,5.087,17.625,10.52,0.47,1.65,-5.8
1993-03-02,25.793,20.1,10.5,0.45,2.13,-7.69
1993-03-03,28.705,20.075,10.67,0.33,1.65,-6.97
1993-03-04,27.472,19.775,10.84,0.64,1.15,-2.12
1993-03-05,24.192,19.499,10.83,0.53,0.43,-4.5
1993-03-06,30.226,19.474,10.77,0.96,0.0,-3.42
1993-03-07,22.864,19.205,10.72,1.35,0.0,-1.47
1993-03-08,2.479,19.459,10.7,1.43,0.0,0.59
1993-03-09,28.769,21.619,11.15,0.97,0.04,2.42
1993-03-10,19.359,21.335,11.18,0.71,0.14,-0.41
1993-03-11,33.479,21.908,11.28,1.1,0.0,2.27
1993-03-12,28.606,21.309,11.98,1.03,0.14,2.81
1993-03-13,31.569,20.926,12.48,1.14,0.0,3.38
1993-03-14,15.01,20.544,14.25,1.32,0.7,4.78
1993-03-15,10.23,21.469,17.44,1.19,0.58,5.63
1993-03-16,42.264,22.774,19.79,1.02,5.32,4.8
1993-03-17,16.37,21.56,20.68,1.05,0.0,3.91
1993-03-18,28.171,22.27,22.34,1.43,0.0,4.42
1993-03-19,33.436,22.192,24.22,2.58,0.0,6.73
1993-03-20,25.281,21.366,24.98,1.59,0.0,6.62
1993-03-21,22.271,21.665,25.59,1.45,0.03,7.26
1993-03-22,19.364,21.892,25.35,1.27,7.05,5.69
1993-03-23,31.293,22.483,25.64,1.34,1.43,6.54
1993-03-24,25.939,22.128,28.16,1.12,7.49,4.85
1993-03-25,33.983,22.218,28.63,0.6,7.52,0.89
1993-03-26,26.293,21.65,27.29,1.47,0.2,-1.19
1993-03-27,33.208,21.624,26.07,1.83,0.0,-2.75
1993-03-28,36.412,21.212,24.79,2.19,0.0,-0.04
1993-03-29,1.791,19.99,24.0,1.82,0.81,3.3
1993-03-30,22.196,22.125,23.1,1.53,0.4,2.31
1993-03-31,30.619,22.553,23.04,2.69,0.0,5.71
1993-04-01,37.469,22.174,24.36,2.63,0.11,7.96
1993-04-02,29.836,21.104,24.82,1.01,11.92,0.56
1993-04-03,31.625,20.848,24.07,1.64,5.4,-1.18
1993-04-04,22.854,20.226,25.08,1.87,7.73,4.41
1993-04-05,3.01,20.435,25.3,1.33,2.15,1.17
1993-04-06,35.593,22.335,25.32,1.96,0.17,6.36
1993-04-07,32.093,21.301,25.78,1.94,0.31,7.73
1993-04-08,40.637,20.76,26.51,1.77,0.0,5.92
1993-04-09,35.825,19.362,28.44,3.56,0.0,9.87
1993-04-10,11.264,17.963,29.18,1.96,0.69,7.76
1993-04-11,29.379,19.145,32.0,1.73,8.66,4.65
1993-04-12,2.51,18.735,32.22,1.55,4.22,1.81
1993-04-13,29.941,20.831,32.31,1.51,0.97,1.64
1993-04-14,29.531,20.306,33.92,1.85,3.39,1.0
1993-04-15,30.865,19.805,36.5,1.66,9.66,2.11
1993-04-16,31.984,19.125,35.72,1.42,4.94,2.02
1993-04-17,29.018,18.23,36.01,1.76,3.25,1.76
1993-04-18,24.403,17.43,36.62,2.38,0.02,2.62
1993-04-19,2.447,17.3,40.19,3.14,0.0,5.44
1993-04-20,28.549,19.449,46.94,3.91,0.0,7.65
1993-04-21,20.324,18.9,51.19,3.78,0.0,9.91
1993-04-22,13.283,19.0,52.3,2.21,2.83,8.53
1993-04-23,18.356,20.152,51.57,1.62,0.04,4.32
1993-04-24,31.694,20.668,52.19,2.72,3.76,6.81
1993-04-25,21.505,20.144,52.97,1.56,11.54,2.08
1993-04-26,22.042,20.686,52.51,1.59,2.74,1.61
1993-04-27,33.365,21.314,52.19,2.28,5.18,4.54
1993-04-28,31.421,21.003,52.12,1.59,9.77,3.42
1993-04-29,32.738,20.72,51.98,1.52,2.64,2.76
1993-04-30,34.204,20.72,51.91,2.42,0.5,6.02
1993-05-01,53.961,20.531,52.24,1.63,6.48,5.09
1993-05-02,11.318,18.6,52.8,1.57,10.83,4.97
1993-05-03,20.735,20.363,53.02,1.95,0.96,5.75
1993-05-04,35.104,21.544,53.01,2.27,0.13,6.22
1993-05-05,37.836,21.376,52.98,3.19,0.27,6.95
1993-05-06,45.315,20.988,53.02,3.65,0.01,7.71
1993-05-07,27.894,19.906,53.11,3.28,0.13,8.8
1993-05-08,42.775,20.337,53.15,2.87,0.0,8.56
1993-05-09,47.934,19.314,52.9,1.95,0.75,5.84
1993-05-10,2.565,17.23,55.0,2.97,0.16,9.43
1993-05-11,31.357,20.254,55.87,1.52,5.9,5.24
1993-05-12,38.495,20.254,54.34,2.42,1.27,7.99
1993-05-13,45.688,20.191,54.91,2.42,4.89,8.01
1993-05-14,35.553,19.567,55.72,1.84,5.74,6.71
1993-05-15,38.354,20.311,56.44,2.42,3.65,8.04
1993-05-16,36.722,20.267,57.16,2.26,2.5,6.17
1993-05-17,18.395,20.544,57.78,3.62,0.0,9.3
1993-05-18,55.232,21.906,58.61,3.02,0.08,11.18
1993-05-19,41.144,20.627,60.11,2.27,7.91,8.77
1993-05-20,54.533,20.451,61.36,1.89,3.78,6.19
1993-05-21,43.419,18.522,62.29,2.09,6.75,2.41
1993-05-22,39.082,18.629,62.91,3.42,0.08,6.52
1993-05-23,37.773,18.325,63.46,3.94,0.0,11.18
1993-05-24,45.841,18.575,64.03,3.57,0.02,12.04
1993-05-25,40.84,18.3,64.5,2.61,0.26,13.24
1993-05-26,35.836,18.313,64.89,2.52,0.0,12.7
1993-05-27,43.235,18.412,64.95,2.81,3.98,10.22
1993-05-28,59.425,18.049,64.81,3.51,0.01,9.81
1993-05-29,55.06,18.487,64.65,3.05,0.0,8.58
1993-05-30,58.718,17.274,64.56,4.51,0.0,13.21
1993-05-31,60.52,17.538,64.41,2.7,0.29,9.77
1993-06-01,57.863,17.475,64.26,3.57,0.0,11.15
1993-06-02,60.489,18.3,64.2,4.89,6.57,13.5
1993-06-03,55.103,18.275,64.14,3.16,0.04,9.32
1993-06-04,53.825,18.024,64.03,3.71,0.0,10.13
1993-06-05,62.977,18.313,63.97,4.8,0.13,11.95
1993-06-06,55.223,18.425,63.89,3.49,0.14,12.83
1993-06-07,56.461,18.16,63.83,2.88,0.77,12.95
1993-06-08,56.856,18.285,63.71,3.1,0.14,13.24
1993-06-09,54.01,18.412,63.63,3.95,0.11,14.23
1993-06-10,54.978,18.037,63.6,3.43,4.73,13.75
1993-06-11,45.698,18.45,63.52,3.46,1.49,11.79
1993-06-12,48.481,18.46,63.4,3.14,0.14,7.52
1993-06-13,48.3,18.56,63.33,3.67,0.0,8.27
1993-06-14,53.079,18.457,61.73,2.75,0.12,7.55
1993-06-15,46.162,18.532,51.37,3.82,0.05,11.76
1993-06-16,40.68,18.462,48.56,3.1,0.65,9.77
1993-06-17,48.467,18.588,47.39,5.19,0.0,13.37
1993-06-18,47.381,18.462,46.0,3.48,0.0,12.47
1993-06-19,43.639,18.575,45.59,5.19,0.0,15.99
1993-06-20,31.162,18.272,44.56,4.4,1.18,14.91
1993-06-21,4.687,17.966,44.62,4.2,2.07,15.85
1993-06-22,28.711,17.962,46.51,4.05,0.92,14.93
1993-06-23,35.497,18.218,60.48,2.75,12.36,11.36
1993-06-24,35.669,18.275,61.9,2.87,2.06,10.43
1993-06-25,27.199,18.032,60.77,3.44,0.0,11.6
1993-06-26,35.433,18.39,53.69,3.95,0.0,13.11
1993-06-27,34.774,18.332,46.72,4.88,0.0,14.2
1993-06-28,3.751,17.688,44.13,5.41,0.0,16.88
1993-06-29,26.629,17.613,42.61,5.13,1.43,16.99
1993-06-30,34.583,18.313,41.81,3.09,0.51,10.43
1993-07-01,35.366,18.45,44.88,3.56,9.05,12.75
1993-07-02,33.345,18.452,51.86,2.38,0.69,10.68
1993-07-03,37.45,18.465,61.05,3.01,2.42,11.32
1993-07-04,26.967,18.295,60.03,3.47,0.15,12.39
1993-07-05,2.942,18.238,50.57,4.81,0.0,15.26
1993-07-06,31.405,18.187,48.43,3.5,4.67,13.32
1993-07-07,30.66,17.969,46.42,3.72,0.17,11.75
1993-07-08,32.991,18.32,43.74,4.77,0.0,10.39
1993-07-09,33.154,18.532,41.33,5.33,0.0,13.87
1993-07-10,44.834,18.457,40.53,4.64,1.29,14.99
1993-07-11,33.794,18.482,41.18,2.65,5.03,7.54
1993-07-12,2.701,17.843,40.38,3.91,0.06,8.69
1993-07-13,20.978,17.805,38.24,3.48,0.0,9.59
1993-07-14,22.117,18.313,35.97,4.3,0.0,11.37
1993-07-15,31.674,18.438,33.84,5.44,0.0,14.81
1993-07-16,38.269,18.313,31.95,5.79,0.0,18.28
1993-07-17,45.851,18.462,30.34,5.02,0.0,17.91
1993-07-18,31.87,18.575,28.99,3.63,0.0,16.45
1993-07-19,14.691,18.205,28.75,3.07,2.96,14.65
1993-07-20,18.048,17.237,27.93,3.0,0.28,12.8
1993-07-21,44.517,18.12,26.7,3.17,0.18,10.13
1993-07-22,28.762,18.462,25.51,4.02,0.25,11.15
1993-07-23,46.114,18.578,24.19,3.22,0.0,11.24
1993-07-24,36.847,18.348,22.7,3.5,0.0,13.22
1993-07-25,37.395,18.54,21.87,5.9,0.01,17.73
1993-07-26,13.708,18.445,21.47,2.49,1.15,11.73
1993-07-27,20.917,17.49,20.31,2.99,0.02,11.35
1993-07-28,37.496,18.475,18.97,5.39,0.0,14.7
1993-07-29,32.086,18.422,17.95,6.27,0.0,18.04
1993-07-30,34.679,18.445,17.2,5.09,0.0,19.37
1993-07-31,34.97,18.393,16.72,3.1,0.78,12.5
1993-08-01,33.447,18.34,15.91,3.59,0.02,11.89
1993-08-02,0.743,17.455,15.06,4.63,0.0,14.22
1993-08-03,2.499,17.49,14.28,3.95,0.0,15.05
1993-08-04,15.72,18.448,13.6,3.22,0.0,15.73
1993-08-05,14.073,18.082,14.59,4.36,3.71,18.04
1993-08-06,12.396,18.007,14.92,4.3,0.15,18.48
1993-08-07,12.457,18.1,14.76,3.75,0.28,18.06
1993-08-08,12.148,18.205,18.58,4.52,8.95,17.67
1993-08-09,2.149,18.14,19.67,3.04,0.05,13.47
1993-08-10,10.486,18.052,18.74,3.35,0.13,12.2
1993-08-11,11.462,18.275,17.81,3.68,0.0,14.33
1993-08-12,11.488,18.024,16.89,3.15,0.0,14.34
1993-08-13,15.331,18.3,15.93,3.08,0.3,15.57
1993-08-14,13.373,18.3,15.27,4.18,0.03,17.77
1993-08-15,11.092,18.305,16.35,3.16,1.69,14.69
1993-08-16,1.7,18.355,16.37,2.78,0.05,12.59
1993-08-17,13.009,18.313,15.34,4.69,0.0,15.79
1993-08-18,15.288,18.438,14.5,5.01,0.0,16.88
1993-08-19,11.287,18.3,13.73,4.81,0.0,17.21
1993-08-20,14.717,18.275,12.9,4.14,0.0,16.98
1993-08-21,10.421,18.024,12.12,5.52,0.0,17.1
1993-08-22,11.789,18.3,11.62,5.28,0.0,18.68
1993-08-23,1.927,18.293,11.4,3.61,0.0,17.52
1993-08-24,12.108,18.215,14.9,2.09,5.93,13.57
1993-08-25,16.152,18.223,24.16,1.67,18.2,9.19
1993-08-26,8.062,17.767,27.7,1.84,0.68,11.56
1993-08-27,16.153,18.48,36.76,2.24,13.39,11.61
1993-08-28,13.355,18.162,39.15,2.1,4.34,8.35
1993-08-29,12.7,18.3,37.68,2.09,0.03,7.55
1993-08-30,1.348,18.323,35.5,2.74,0.0,7.72
1993-08-31,15.784,18.548,33.43,3.47,0.0,9.78
1993-09-01,12.999,18.3,31.51,3.77,0.0,11.2
1993-09-02,13.764,18.3,29.83,3.9,0.0,12.32
1993-09-03,15.953,18.275,28.23,3.37,0.0,11.91
1993-09-04,12.212,18.004,26.81,3.49,0.13,13.2
1993-09-05,16.711,18.024,25.19,2.97,0.0,10.89
1993-09-06,1.044,17.67,24.02,3.94,0.0,11.25
1993-09-07,9.933,18.034,23.1,2.05,0.01,12.05
1993-09-08,13.562,18.422,21.99,1.95,0.03,13.38
1993-09-09,14.052,18.445,21.54,2.59,0.31,13.59
1993-09-10,15.357,18.383,25.78,2.19,9.36,11.94
1993-09-11,13.162,18.29,26.39,1.78,0.06,9.84
1993-09-12,15.852,18.152,24.95,2.35,0.0,10.13
1993-09-13,1.061,17.862,24.27,3.5,1.12,13.55
1993-09-14,10.316,18.039,23.49,1.83,0.18,6.79
1993-09-15,15.479,18.46,22.25,1.92,0.0,6.7
1993-09-16,10.564,18.245,21.07,2.65,0.0,11.21
1993-09-17,15.457,18.3,20.08,1.81,0.02,11.13
1993-09-18,22.363,18.315,19.3,1.63,0.14,10.74
1993-09-19,23.288,18.415,18.55,1.56,0.12,11.04
1993-09-20,5.711,17.662,17.83,1.91,0.12,13.43
1993-09-21,11.827,17.311,17.44,2.71,0.0,15.36
1993-09-22,19.684,17.999,26.68,1.51,10.68,11.55
1993-09-23,20.183,18.047,49.51,1.02,37.9,7.33
1993-09-24,27.344,18.548,65.99,0.56,56.14,5.09
1993-09-25,24.644,18.267,87.06,0.99,25.45,4.44
1993-09-26,17.74,17.887,87.69,1.19,1.96,6.0
1993-09-27,1.574,17.66,83.35,1.63,2.17,6.99
1993-09-28,16.257,17.899,78.69,0.93,0.87,2.79
1993-09-29,19.592,18.123,74.97,1.16,0.0,4.06
1993-09-30,20.482,18.15,74.09,1.55,0.45,9.33
1993-10-01,20.579,18.135,72.3,1.01,0.44,5.84
1993-10-02,18.174,17.979,71.51,1.07,4.18,6.78
1993-10-03,19.373,18.045,71.11,1.2,3.09,5.3
1993-10-04,1.224,17.567,73.51,0.99,10.22,6.38
1993-10-05,14.508,17.74,73.6,1.67,0.14,11.04
1993-10-06,13.267,17.567,72.57,0.83,4.61,6.24
1993-10-07,21.229,18.082,69.63,0.94,0.95,6.36
1993-10-08,20.421,18.004,67.66,0.92,0.38,5.98
1993-10-09,22.071,18.054,67.66,0.75,6.64,2.61
1993-10-10,18.966,18.012,67.6,0.66,3.88,3.02
1993-10-11,22.683,18.13,67.63,1.03,0.2,8.77
1993-10-12,22.13,17.916,67.61,0.93,5.55,9.65
1993-10-13,23.257,18.009,67.65,0.78,0.04,6.77
1993-10-14,23.002,18.135,67.61,0.73,2.92,6.85
1993-10-15,24.133,18.293,67.6,0.99,0.04,4.38
1993-10-16,28.088,18.218,67.6,0.58,0.0,3.97
1993-10-17,33.431,18.3,67.6,0.75,0.34,6.22
1993-10-18,30.69,18.3,66.39,0.86,0.01,7.03
1993-10-19,29.181,18.325,61.96,0.67,0.26,6.71
1993-10-20,26.72,18.575,59.42,0.56,0.25,3.56
1993-10-21,23.521,18.3,60.47,0.54,6.62,5.64
1993-10-22,27.587,18.295,60.22,0.47,3.13,0.65
1993-10-23,21.951,18.245,58.53,0.56,12.84,-0.6
1993-10-24,24.757,18.3,48.73,0.46,3.43,-1.46
1993-10-25,21.631,18.32,46.5,0.4,0.28,0.03
1993-10-26,23.89,18.522,44.89,0.39,3.06,-1.46
1993-10-27,11.777,18.448,43.16,0.44,0.07,1.12
1993-10-28,20.97,19.765,60.53,0.38,2.09,3.55
1993-10-29,20.511,20.148,67.63,0.45,23.46,3.67
1993-10-30,35.543,21.275,67.3,0.3,0.31,2.07
1993-10-31,36.72,20.426,66.64,0.26,0.06,5.06
1993-11-01,21.276,19.101,66.53,0.28,0.28,7.09
1993-11-02,44.405,21.221,66.37,0.39,1.91,5.53
1993-11-03,22.251,20.357,66.0,0.25,3.37,7.64
1993-11-04,34.537,21.508,56.33,0.3,0.16,4.61
1993-11-05,40.078,21.624,52.82,0.36,0.85,6.71
1993-11-06,37.995,21.327,52.94,0.28,2.92,6.27
1993-11-07,38.429,21.172,53.84,0.37,7.74,2.9
1993-11-08,43.985,21.024,54.7,0.37,6.63,2.86
1993-11-09,34.233,20.998,52.75,0.28,0.9,1.39
1993-11-10,44.216,21.34,50.24,0.07,0.0,0.14
1993-11-11,43.724,21.268,48.88,0.32,1.95,4.99
1993-11-12,43.912,20.404,46.91,0.37,0.8,3.12
1993-11-13,46.082,19.637,44.59,0.21,0.04,0.76
1993-11-14,28.403,19.412,42.73,0.17,0.18,2.52
1993-11-15,32.67,18.45,41.88,0.31,3.96,2.63
1993-11-16,23.918,18.563,40.02,0.06,0.0,-3.32
1993-11-17,27.376,19.851,37.99,0.36,0.14,-2.41
1993-11-18,26.753,20.488,36.03,0.25,0.0,-1.54
1993-11-19,25.553,21.353,34.13,0.04,0.0,-1.84
1993-11-20,30.472,21.456,32.34,0.08,0.0,-1.7
1993-11-21,36.172,20.909,30.6,0.07,0.0,-2.99
1993-11-22,23.066,19.608,28.92,0.04,0.0,-5.29
1993-11-23,17.722,19.864,27.41,0.06,0.09,-3.73
1993-11-24,23.614,20.552,26.08,0.06,0.3,-1.72
1993-11-25,24.178,20.41,24.92,0.02,0.15,0.77
1993-11-26,27.767,20.372,23.71,0.02,0.0,0.07
1993-11-27,18.619,20.001,22.53,0.0,0.14,-1.41
1993-11-28,22.284,20.591,21.34,0.02,0.0,-2.47
1993-11-29,16.463,20.942,20.25,0.2,0.0,-0.8
1993-11-30,27.506,21.652,19.95,0.21,0.05,3.96
1993-12-01,26.293,21.314,21.83,0.22,12.99,0.96
1993-12-02,23.49,21.014,21.34,0.27,0.96,-1.57
1993-12-03,23.544,20.836,20.91,0.05,0.34,0.79
1993-12-04,21.504,20.808,20.71,0.05,0.17,1.8
1993-12-05,30.749,21.374,20.44,0.11,0.13,2.29
1993-12-06,26.92,20.692,19.54,0.06,0.0,1.57
1993-12-07,20.598,20.413,18.63,0.16,0.88,-0.96
1993-12-08,23.787,20.803,18.29,0.33,0.25,2.39
1993-12-09,21.825,21.06,19.0,0.19,0.43,3.98
1993-12-10,25.5,21.41,18.54,0.08,0.03,2.31
1993-12-11,28.899,21.405,19.0,0.26,1.46,4.91
1993-12-12,30.97,20.357,18.91,0.11,1.29,0.65
1993-12-13,15.597,19.849,18.44,0.03,0.0,-0.33
1993-12-14,25.61,20.699,18.85,0.14,2.11,2.14
1993-12-15,20.796,20.467,18.15,0.04,0.25,-1.18
1993-12-16,27.903,20.359,17.38,0.24,0.0,0.41
1993-12-17,22.363,19.725,17.14,0.53,0.15,3.11
1993-12-18,22.433,18.9,16.46,0.03,0.0,-0.12
1993-12-19,27.885,18.875,15.62,0.29,0.03,1.92
1993-12-20,21.097,18.625,15.19,0.32,0.09,3.29
1993-12-21,27.489,18.825,17.13,0.23,1.93,5.98
1993-12-22,1.529,18.137,18.01,0.11,4.0,-1.2
1993-12-23,19.08,19.713,17.48,0.29,0.26,-0.7
1993-12-24,26.473,20.347,20.81,0.3,1.77,1.22
1993-12-25,19.186,19.7,31.21,0.29,23.29,-1.56
1993-12-26,21.816,20.241,34.52,0.52,14.34,0.8
1993-12-27,14.844,20.216,30.97,0.13,0.1,-5.09
1993-12-28,30.68,21.443,28.53,0.08,0.1,-5.86
1993-12-29,29.712,20.836,27.28,0.12,2.77,-1.49
1993-12-30,21.413,20.436,26.99,0.21,3.99,0.99
1993-12-31,27.956,20.694,28.93,0.01,0.0,1.84
1994-01-01,26.175,20.41,34.37,0.04,10.54,1.06
1994-01-02,17.287,20.436,33.88,0.36,2.09,-0.42
1994-01-03,19.203,20.759,34.71,0.25,0.58,4.12
1994-01-04,29.503,21.146,35.72,0.28,0.28,5.78
1994-01-05,27.702,20.681,34.47,0.04,0.0,-1.67
1994-01-06,26.682,20.229,32.71,0.06,0.32,-3.19
1994-01-07,19.879,20.001,31.56,0.02,3.04,-0.96
1994-01-08,28.973,20.539,30.02,0.08,0.29,-3.75
1994-01-09,17.546,20.306,28.93,0.27,1.19,-0.72
1994-01-10,18.614,20.937,29.32,0.06,0.22,2.67
1994-01-11,30.183,21.575,29.26,0.14,7.44,-0.88
1994-01-12,28.823,21.05,28.58,0.26,1.4,-0.65
1994-01-13,34.255,20.542,28.68,0.14,0.63,1.38
1994-01-14,24.919,19.917,28.82,0.13,0.14,2.5
1994-01-15,24.496,19.584,27.99,0.12,1.63,-0.25
1994-01-16,20.028,19.888,27.05,0.09,1.33,-1.63
1994-01-17,22.922,20.236,26.43,0.26,6.36,-2.48
1994-01-18,31.273,20.663,25.08,0.09,5.96,-8.49
1994-01-19,25.404,20.02,23.67,0.07,0.02,-8.5
1994-01-20,21.079,19.84,22.38,0.14,0.0,-7.77
1994-01-21,21.399,20.27,21.24,0.18,0.0,-7.68
1994-01-22,23.229,20.126,20.17,0.27,0.0,-5.58
1994-01-23,23.647,20.413,19.13,0.18,0.0,-4.23
1994-01-24,20.96,20.464,18.22,0.11,0.0,-2.28
1994-01-25,18.036,20.792,18.52,0.33,0.15,1.27
1994-01-26,20.489,21.593,19.91,0.43,2.27,3.08
1994-01-27,31.289,21.56,19.99,0.46,0.24,-0.53
1994-01-28,27.92,20.526,19.75,0.09,0.83,0.95
1994-01-29,27.918,20.08,19.55,0.44,1.31,0.53
1994-01-30,26.029,19.855,19.05,0.2,0.0,-0.06
1994-01-31,24.935,19.813,19.09,0.16,0.0,0.5
1994-02-01,25.924,19.925,18.86,0.11,0.0,-0.82
1994-02-02,14.784,19.739,19.05,0.26,0.0,1.01
1994-02-03,25.379,20.707,19.6,0.4,0.03,1.83
1994-02-04,24.976,20.526,21.59,0.33,10.46,-1.31
1994-02-05,22.278,20.139,20.8,0.29,8.98,-4.72
1994-02-06,21.83,20.591,19.69,0.2,0.69,-3.49
1994-02-07,20.14,20.932,19.09,0.25,0.02,-3.0
1994-02-08,35.623,21.487,18.98,0.32,8.4,-2.02
1994-02-09,26.78,20.694,18.37,0.39,1.27,-1.73
1994-02-10,30.003,20.284,18.92,0.38,4.4,-0.08
1994-02-11,23.971,18.925,21.06,0.39,1.6,2.05
1994-02-12,25.997,19.2,24.83,0.42,5.51,2.55
1994-02-13,12.166,19.301,26.68,0.38,5.51,0.06
1994-02-14,18.054,20.475,25.57,0.27,0.07,-4.71
1994-02-15,31.54,21.146,24.54,0.3,0.42,-1.21
1994-02-16,23.335,20.707,23.52,0.3,0.01,-1.69
1994-02-17,24.89,20.471,22.69,0.35,0.0,-0.85
1994-02-18,19.323,19.432,23.12,0.47,0.01,0.59
1994-02-19,19.034,19.362,24.56,0.44,8.11,-0.76
1994-02-20,18.833,19.549,27.04,0.52,4.52,2.27
1994-02-21,14.133,20.196,29.69,0.52,17.05,-1.72
1994-02-22,25.494,21.25,29.08,0.45,0.07,-0.42
1994-02-23,29.212,21.257,29.94,0.97,0.08,3.48
1994-02-24,35.342,20.914,29.29,0.56,0.52,2.0
1994-02-25,19.325,19.757,30.39,0.66,1.3,2.44
1994-02-26,39.836,20.964,33.29,1.2,0.0,5.47
1994-02-27,40.49,21.353,34.53,0.88,0.0,5.27
1994-02-28,56.463,22.107,42.47,0.67,0.0,3.57
1994-03-01,58.006,21.353,60.15,0.74,16.08,4.71
1994-03-02,56.212,21.418,49.71,0.62,6.86,0.64
1994-03-03,40.592,20.591,47.39,0.91,0.14,4.87
1994-03-04,37.173,20.94,47.82,0.89,0.53,6.67
1994-03-05,52.199,21.624,48.65,1.04,0.15,4.79
1994-03-06,58.937,21.099,48.72,1.0,0.14,6.68
1994-03-07,22.059,18.639,47.46,0.77,1.94,2.85
1994-03-08,34.606,20.797,45.99,0.82,0.0,1.1
1994-03-09,46.928,21.585,47.71,1.38,0.0,4.77
1994-03-10,47.124,20.836,50.07,1.69,0.0,7.06
1994-03-11,38.14,20.462,47.55,0.85,0.0,3.81
1994-03-12,48.087,21.003,48.11,1.25,1.15,5.71
1994-03-13,49.308,20.593,46.57,0.72,1.97,0.25
1994-03-14,35.991,19.316,45.56,0.9,2.31,3.57
1994-03-15,43.894,20.581,43.93,0.89,0.54,2.72
1994-03-16,35.908,20.462,42.31,1.13,0.26,4.25
1994-03-17,34.534,21.055,40.26,0.91,0.0,1.76
1994-03-18,40.4,21.34,38.06,0.75,0.0,-0.81
1994-03-19,60.638,21.174,36.99,1.71,0.14,2.57
1994-03-20,46.082,19.325,35.8,1.45,0.0,4.1
1994-03-21,35.275,19.113,36.33,1.13,0.0,3.51
1994-03-22,46.569,19.75,40.29,1.07,8.63,3.89
1994-03-23,38.398,19.2,40.41,1.31,0.05,2.45
1994-03-24,41.201,19.225,43.59,2.28,0.1,5.8
1994-03-25,38.415,19.549,51.68,2.46,0.0,7.82
1994-03-26,46.654,20.075,62.91,2.55,4.17,9.51
1994-03-27,37.837,19.775,62.51,0.94,5.84,1.5
1994-03-28,24.784,19.704,61.21,2.1,0.16,5.66
1994-03-29,37.954,21.805,59.99,2.07,0.0,6.43
1994-03-30,37.942,20.075,59.03,2.38,0.0,7.15
1994-03-31,36.976,19.851,58.45,1.95,0.14,8.17
1994-04-01,45.598,20.384,57.96,1.59,0.0,7.4
1994-04-02,31.428,20.203,57.94,1.61,10.65,2.4
1994-04-03,45.06,21.314,57.99,1.51,11.27,-0.95
1994-04-04,41.252,21.055,57.63,1.21,3.5,-1.18
1994-04-05,50.905,21.34,57.34,1.31,4.39,3.14
1994-04-06,50.417,21.301,57.57,2.0,15.23,0.68
1994-04-07,50.711,20.828,58.44,1.72,14.52,2.12
1994-04-08,52.948,20.226,59.51,2.35,7.62,2.46
1994-04-09,42.029,19.252,60.03,1.49,0.45,0.7
1994-04-10,42.675,19.512,61.11,1.28,18.8,0.08
1994-04-11,41.403,19.652,62.28,1.39,11.07,-0.92
1994-04-12,46.384,19.702,63.02,1.78,17.03,-1.44
1994-04-13,40.391,19.975,62.63,1.62,0.09,0.23
1994-04-14,35.976,20.293,62.06,1.4,1.83,-1.07
1994-04-15,29.879,20.689,61.4,1.42,5.15,-1.09
1994-04-16,46.38,20.352,60.38,1.13,0.67,-1.79
1994-04-17,45.732,20.41,59.36,1.24,0.87,-0.19
1994-04-18,37.895,20.475,58.32,1.03,5.25,-1.11
1994-04-19,49.363,21.172,57.12,1.51,0.58,1.42
1994-04-20,48.628,21.029,56.3,1.29,2.03,1.88
1994-04-21,41.088,21.055,55.17,1.09,2.86,0.28
1994-04-22,46.381,21.288,54.48,2.06,0.02,4.57
1994-04-23,39.123,20.668,55.71,3.01,0.0,7.46
1994-04-24,42.821,20.139,57.86,2.68,0.1,6.17
1994-04-25,43.265,20.655,60.17,1.63,15.13,3.73
1994-04-26,48.882,21.65,61.12,2.17,0.96,2.22
1994-04-27,37.774,21.557,62.05,2.4,0.0,7.06
1994-04-28,38.884,20.498,64.31,3.03,0.0,8.51
1994-04-29,44.644,19.888,65.38,4.06,0.0,10.13
1994-04-30,32.296,17.712,80.21,4.36,0.0,11.06
1994-05-01,40.582,19.499,115.52,4.24,0.0,11.06
1994-05-02,43.246,19.575,118.59,4.34,0.0,11.83
1994-05-03,46.01,20.456,115.03,4.54,0.01,12.65
1994-05-04,39.699,21.042,104.49,3.13,1.3,11.16
1994-05-05,70.7,21.694,97.2,1.66,1.5,4.51
1994-05-06,39.756,19.772,95.37,2.35,0.0,4.4
1994-05-07,33.07,19.586,118.34,4.15,0.0,8.97
1994-05-08,58.102,20.788,118.19,2.12,23.57,5.97
1994-05-09,47.228,19.845,103.52,1.54,1.49,1.73
1994-05-10,47.065,20.054,99.15,3.02,0.06,6.46
1994-05-11,65.527,20.365,111.56,4.01,0.0,8.56
1994-05-12,48.737,18.515,111.78,1.83,15.94,5.73
1994-05-13,41.034,18.565,107.47,3.42,0.13,6.11
1994-05-14,55.246,18.472,105.23,2.82,5.49,8.39
1994-05-15,48.403,18.032,102.95,3.42,0.13,7.05
1994-05-16,45.343,17.73,102.64,2.83,0.03,9.13
1994-05-17,42.897,17.82,98.96,3.21,0.23,8.71
1994-05-18,48.957,18.864,95.54,2.33,3.19,6.64
1994-05-19,52.092,19.497,93.67,3.17,3.35,4.47
1994-05-20,50.264,19.76,91.8,2.99,0.16,7.11
1994-05-21,49.58,19.283,89.94,3.3,0.04,9.21
1994-05-22,44.013,18.895,94.32,2.34,0.48,9.28
1994-05-23,49.842,19.045,94.54,3.32,3.72,11.76
1994-05-24,91.561,17.785,91.49,2.57,0.3,11.9
1994-05-25,104.24,19.058,93.34,1.94,4.47,6.83
1994-05-26,114.969,19.19,91.47,4.73,0.05,11.67
1994-05-27,113.963,19.692,87.23,2.6,0.0,8.19
1994-05-28,115.016,19.06,89.8,3.52,0.0,9.21
1994-05-29,70.665,18.092,89.02,4.09,0.0,12.85
1994-05-30,95.459,20.684,85.79,4.27,0.0,11.85
1994-05-31,116.447,19.912,95.53,3.45,0.0,14.1
1994-06-01,95.67,19.489,99.12,5.38,0.0,17.74
1994-06-02,94.686,19.38,88.76,4.15,0.14,17.55
1994-06-03,89.443,19.497,82.68,2.89,0.14,9.82
1994-06-04,104.595,20.756,79.5,3.6,0.38,11.11
1994-06-05,115.431,20.384,76.63,3.62,0.37,11.7
1994-06-06,87.844,19.37,75.42,3.77,1.9,10.95
1994-06-07,19.211,19.159,77.99,4.34,0.0,10.04
1994-06-08,80.98,21.715,77.09,5.77,0.1,14.08
1994-06-09,92.053,21.761,72.84,3.07,3.12,11.99
1994-06-10,56.932,18.489,69.29,3.68,0.09,7.13
1994-06-11,79.853,21.311,67.64,5.16,0.0,10.13
1994-06-12,56.821,18.668,67.53,2.66,0.13,5.94
1994-06-13,34.19,19.517,67.55,3.68,0.0,7.5
1994-06-14,49.338,20.702,67.55,3.68,0.0,9.58
1994-06-15,47.789,20.831,64.77,3.67,0.0,10.59
1994-06-16,46.328,20.71,63.0,4.56,0.0,13.26
1994-06-17,44.838,20.991,62.97,4.55,0.03,15.11
1994-06-18,50.77,21.596,62.85,4.29,1.49,15.11
1994-06-19,45.865,21.668,62.84,4.76,0.48,15.56
1994-06-20,46.993,21.56,62.87,3.0,1.59,10.53
1994-06-21,72.952,21.707,62.79,3.32,0.0,11.89
1994-06-22,46.95,19.245,62.71,3.65,0.0,11.76
1994-06-23,28.938,19.15,62.56,5.56,0.0,14.58
1994-06-24,51.348,19.883,62.5,6.32,0.0,16.44
1994-06-25,50.292,19.412,62.81,5.95,0.73,17.15
1994-06-26,39.587,18.79,62.94,2.22,17.05,8.75
1994-06-27,12.774,18.887,62.93,2.72,6.57,8.4
1994-06-28,31.195,18.86,62.8,4.18,0.13,12.94
1994-06-29,33.09,20.129,62.74,5.98,0.0,16.15
1994-06-30,38.892,20.8,62.63,3.53,0.14,15.46
1994-07-01,46.198,20.95,62.66,5.98,0.0,18.91
1994-07-02,40.649,20.384,61.82,3.22,0.8,14.81
1994-07-03,38.811,20.07,58.02,3.42,0.0,16.61
1994-07-04,36.395,19.752,46.84,4.93,0.0,19.33
1994-07-05,47.656,19.785,43.57,5.63,0.0,19.27
1994-07-06,36.408,18.725,41.37,3.21,0.0,15.18
1994-07-07,37.437,19.795,39.09,3.11,0.0,13.02
1994-07-08,45.272,19.985,36.85,3.54,0.0,12.23
1994-07-09,45.763,18.957,34.74,4.33,0.0,14.76
1994-07-10,21.245,18.169,32.71,4.55,0.0,14.11
1994-07-11,39.236,20.704,30.92,6.02,0.0,16.1
1994-07-12,44.411,20.841,29.4,5.55,0.0,16.89
1994-07-13,44.187,20.433,28.15,4.12,0.25,16.56
1994-07-14,47.135,19.948,26.76,3.01,0.0,14.27
1994-07-15,44.489,19.178,25.14,3.15,0.0,16.23
1994-07-16,26.516,18.43,23.68,4.72,0.0,18.68
1994-07-17,46.462,20.038,22.28,4.77,0.0,20.24
1994-07-18,35.595,18.378,21.16,5.52,0.0,17.79
1994-07-19,29.043,18.947,20.17,3.47,0.0,15.21
1994-07-20,28.049,19.395,19.19,3.03,0.25,12.67
1994-07-21,15.213,18.59,18.12,4.42,0.0,13.72
1994-07-22,15.512,18.848,17.1,5.18,0.0,15.45
1994-07-23,21.821,19.165,16.24,5.03,0.0,17.29
1994-07-24,14.06,18.135,15.32,4.06,1.84,15.5
1994-07-25,1.889,18.293,14.65,5.23,0.14,18.81
1994-07-26,11.541,18.232,13.94,3.47,0.0,15.94
1994-07-27,14.002,18.5,12.98,4.99,0.0,17.66
1994-07-28,0.492,18.717,12.4,6.36,0.0,20.17
1994-07-29,3.395,18.675,11.96,3.11,0.04,16.4
1994-07-30,16.66,18.55,11.33,3.41,0.02,17.87
1994-07-31,3.652,19.116,10.78,4.05,0.55,18.53
1994-08-01,2.739,20.493,11.79,3.46,1.11,16.12
1994-08-02,17.635,20.426,17.57,2.13,5.64,12.61
1994-08-03,23.887,21.03,18.3,5.42,0.0,17.33
1994-08-04,25.49,22.03,17.25,5.89,0.0,19.75
1994-08-05,21.255,21.839,16.41,4.98,0.0,19.18
1994-08-06,25.384,22.541,15.53,3.58,0.0,17.94
1994-08-07,31.879,22.311,14.68,4.92,0.0,19.37
1994-08-08,11.67,20.707,14.1,3.27,0.14,18.59
1994-08-09,22.793,20.586,13.4,3.68,0.0,18.81
1994-08-10,22.978,20.836,12.68,4.03,0.61,18.48
1994-08-11,23.025,21.084,12.46,3.58,0.69,13.64
1994-08-12,21.892,21.066,12.03,3.8,0.0,13.79
1994-08-13,25.121,21.877,11.53,4.67,0.0,16.09
1994-08-14,33.512,22.539,11.41,2.29,0.42,14.14
1994-08-15,19.887,21.082,11.11,1.69,1.06,11.27
1994-08-16,16.737,21.319,10.47,4.6,0.01,16.03
1994-08-17,20.949,21.371,10.22,4.63,0.0,18.54
1994-08-18,20.856,20.712,10.22,2.69,0.0,13.88
1994-08-19,19.915,20.929,10.2,3.16,0.0,12.57
1994-08-20,20.994,20.534,10.23,4.4,0.0,15.9
1994-08-21,23.488,20.795,10.18,3.24,0.0,16.64
1994-08-22,22.827,19.853,10.24,4.94,0.68,21.34
1994-08-23,19.386,19.112,10.29,2.29,0.31,16.18
1994-08-24,20.149,19.108,10.33,1.75,2.85,12.82
1994-08-25,17.5,18.785,10.31,1.59,0.43,10.25
1994-08-26,18.192,19.158,10.26,2.04,0.23,12.49
1994-08-27,19.642,19.07,10.23,3.08,0.0,15.01
1994-08-28,13.062,19.735,10.28,4.23,0.0,17.1
1994-08-29,9.832,20.983,10.3,1.76,0.15,13.63
1994-08-30,17.005,20.836,10.29,2.1,0.15,13.14
1994-08-31,18.276,21.113,10.46,2.57,3.47,15.11
1994-09-01,19.753,21.366,11.88,2.52,3.02,14.34
1994-09-02,25.247,21.663,12.6,2.0,0.87,11.74
1994-09-03,29.3,21.748,12.09,2.13,0.0,9.73
1994-09-04,19.366,20.99,11.52,3.88,0.0,12.52
1994-09-05,11.084,19.538,12.18,2.67,2.67,13.91
1994-09-06,22.322,19.781,12.3,2.47,0.14,12.7
1994-09-07,27.404,21.593,11.68,3.87,0.0,17.17
1994-09-08,27.605,21.988,11.55,2.98,0.05,14.71
1994-09-09,26.302,21.957,12.09,1.6,1.84,7.24
1994-09-10,27.264,21.986,12.07,2.95,0.11,12.27
1994-09-11,11.822,22.534,12.41,2.37,1.56,12.55
1994-09-12,12.036,21.678,14.0,3.51,0.03,15.37
1994-09-13,28.876,21.707,23.74,2.26,19.01,13.64
1994-09-14,25.235,22.19,26.66,1.64,3.45,9.65
1994-09-15,26.132,20.658,28.02,2.23,3.87,8.99
1994-09-16,28.657,21.058,28.15,1.57,0.59,6.48
1994-09-17,29.147,21.761,28.75,1.92,2.95,6.88
1994-09-18,32.485,22.172,29.86,1.44,6.45,5.16
1994-09-19,11.006,20.738,29.72,1.49,0.04,4.42
1994-09-20,23.177,20.671,33.02,1.76,5.91,7.54
1994-09-21,26.053,21.531,39.58,1.32,6.6,8.43
1994-09-22,31.706,21.906,50.4,1.14,19.31,5.75
1994-09-23,30.761,21.565,64.71,1.07,9.97,7.23
1994-09-24,29.644,20.704,65.11,0.96,16.54,4.39
1994-09-25,28.659,21.523,64.06,2.13,0.18,9.46
1994-09-26,12.067,21.169,63.53,1.43,0.0,8.68
1994-09-27,29.414,21.306,63.14,1.41,6.09,10.61
1994-09-28,27.634,20.986,62.88,1.27,3.1,9.46
1994-09-29,28.794,21.549,63.75,1.2,0.59,10.25
1994-09-30,32.675,21.808,64.03,0.95,13.87,8.05
1994-10-01,35.642,21.756,63.89,1.12,0.37,10.57
1994-10-02,26.241,20.867,63.7,1.07,1.49,9.28
1994-10-03,13.06,20.767,63.35,1.07,0.42,9.56
1994-10-04,27.281,20.535,63.17,1.14,4.52,9.47
1994-10-05,26.166,19.877,63.03,0.88,3.06,6.95
1994-10-06,24.988,20.045,62.41,0.73,0.44,3.12
1994-10-07,25.018,19.758,61.51,1.48,0.0,5.35
1994-10-08,25.317,19.603,60.38,1.22,0.0,6.1
1994-10-09,23.839,19.357,60.6,1.07,0.03,7.67
1994-10-10,12.46,18.85,61.63,0.8,16.18,7.34
1994-10-11,26.196,19.712,60.74,0.87,3.72,9.68
1994-10-12,24.23,20.626,59.8,0.91,1.23,11.28
1994-10-13,12.557,19.653,59.04,0.93,4.9,11.12
1994-10-14,19.569,20.425,58.26,1.0,0.14,10.28
1994-10-15,22.486,21.265,57.48,1.35,0.0,10.44
1994-10-16,20.818,21.095,57.18,0.89,5.93,10.94
1994-10-17,16.301,20.823,56.71,0.73,2.95,8.03
1994-10-18,24.969,21.224,55.93,0.72,0.23,7.79
1994-10-19,15.479,20.697,55.05,0.71,0.0,8.64
1994-10-20,24.523,21.521,54.21,0.6,3.91,6.47
1994-10-21,29.292,22.081,53.27,0.58,0.03,5.66
1994-10-22,26.44,21.345,52.31,0.88,0.14,6.81
1994-10-23,29.378,20.938,51.66,0.67,7.79,10.48
1994-10-24,19.798,19.656,51.14,0.59,1.73,6.51
1994-10-25,27.404,20.413,50.48,0.48,0.0,3.99
1994-10-26,28.033,20.834,49.65,0.48,0.34,7.14
1994-10-27,31.273,21.379,48.99,0.4,1.94,3.86
1994-10-28,31.751,21.131,48.59,0.47,7.72,4.02
1994-10-29,32.055,21.286,47.78,0.39,0.57,2.2
1994-10-30,37.953,21.955,46.91,0.47,0.0,4.54
1994-10-31,25.922,20.999,46.05,0.7,0.14,6.73
1994-11-01,37.095,22.309,45.15,0.34,0.0,5.97
1994-11-02,47.637,21.758,44.16,0.3,0.17,6.11
1994-11-03,54.498,22.26,38.91,0.23,0.0,7.98
1994-11-04,59.878,22.162,42.3,0.44,2.78,10.3
1994-11-05,108.292,22.404,46.04,0.45,25.31,4.74
1994-11-06,151.359,23.195,46.76,0.28,2.48,2.69
1994-11-07,135.622,23.138,47.47,0.17,0.07,4.22
1994-11-08,150.147,23.138,47.79,0.3,1.58,3.72
1994-11-09,156.138,23.123,47.83,0.15,0.11,6.72
1994-11-10,152.862,22.895,47.94,0.38,5.43,5.55
1994-11-11,123.111,22.298,48.11,0.38,6.56,6.08
1994-11-12,89.07,22.453,48.31,0.31,0.94,2.95
1994-11-13,83.28,20.694,48.49,0.4,5.33,5.12
1994-11-14,68.034,20.4,48.45,0.16,0.15,2.79
1994-11-15,69.826,20.246,48.16,0.06,0.16,3.18
1994-11-16,60.278,19.846,47.68,0.2,0.15,4.69
1994-11-17,64.663,20.506,47.09,0.15,0.26,5.52
1994-11-18,66.675,22.174,46.66,0.25,5.76,5.06
1994-11-19,66.704,21.503,46.23,0.19,0.57,6.35
1994-11-20,67.22,21.762,45.67,0.21,0.22,3.38
1994-11-21,50.474,20.087,44.97,0.03,0.07,5.2
1994-11-22,67.716,21.782,44.17,0.02,0.23,3.57
1994-11-23,63.203,20.172,43.25,0.18,0.14,4.46
1994-11-24,66.51,20.193,42.26,0.1,0.17,4.88
1994-11-25,58.93,19.2,36.43,0.14,0.0,6.1
1994-11-26,64.832,19.495,32.65,0.16,0.0,1.72
1994-11-27,65.929,18.923,30.83,0.21,0.0,0.25
1994-11-28,38.141,17.308,29.31,0.3,0.39,2.18
1994-11-29,68.987,22.053,28.09,0.01,0.21,1.24
1994-11-30,62.201,21.082,27.24,0.0,0.67,3.42
1994-12-01,65.129,21.629,25.89,0.04,0.0,3.23
1994-12-02,61.881,21.337,24.63,0.03,0.0,3.11
1994-12-03,59.326,20.513,23.4,0.03,0.0,3.5
1994-12-04,52.379,19.046,22.41,0.08,0.07,4.38
1994-12-05,4.593,17.029,21.36,0.15,0.03,3.52
1994-12-06,50.523,20.523,21.09,0.03,1.28,4.51
1994-12-07,3.689,18.422,20.46,0.02,0.04,2.16
1994-12-08,40.98,19.102,20.04,0.08,1.82,0.56
1994-12-09,8.623,19.244,19.44,0.0,0.04,0.85
1994-12-10,51.687,21.678,19.73,0.33,1.67,5.46
1994-12-11,55.862,21.103,19.22,0.14,0.0,2.46
1994-12-12,9.444,19.09,18.47,0.04,0.18,2.86
1994-12-13,52.409,21.771,17.91,0.0,0.23,2.11
1994-12-14,48.943,21.004,17.39,0.0,0.43,0.95
1994-12-15,49.623,20.298,16.55,0.11,0.0,0.44
1994-12-16,47.842,19.355,15.66,0.16,0.0,-0.17
1994-12-17,47.518,18.633,14.85,0.02,0.03,-0.95
1994-12-18,31.829,17.438,14.19,0.0,0.0,-1.71
1994-12-19,3.276,18.779,14.69,0.06,5.75,0.57
1994-12-20,39.776,21.764,14.47,0.0,0.54,-1.46
1994-12-21,44.367,21.883,15.35,0.18,5.23,-0.37
1994-12-22,39.47,20.61,17.32,0.19,18.04,-1.51
1994-12-23,40.222,19.723,16.59,0.15,2.88,-5.02
1994-12-24,31.519,19.619,15.61,0.07,0.0,-7.42
1994-12-25,46.569,20.515,14.73,0.14,0.0,-6.08
1994-12-26,22.548,19.676,13.91,0.09,0.0,-7.17
1994-12-27,37.585,20.379,13.2,0.04,0.0,-4.12
1994-12-28,52.323,21.345,12.9,0.03,0.0,-1.7
1994-12-29,42.099,20.738,13.29,0.22,0.0,-0.62
1994-12-30,4.333,20.937,13.78,0.33,0.03,0.48
1994-12-31,52.22,20.896,17.68,0.11,7.0,3.7
1995-01-01,50.183,20.383,20.3,0.13,5.21,0.57
1995-01-02,4.93,19.971,19.72,0.12,3.36,-3.13
1995-01-03,59.155,22.453,18.79,0.19,4.24,-5.14
1995-01-04,58.757,21.622,17.77,0.12,0.02,-7.66
1995-01-05,54.299,20.168,16.82,0.19,0.0,-7.79
1995-01-06,50.675,18.863,16.71,0.06,10.57,-4.49
1995-01-07,24.402,18.97,17.24,0.22,17.01,-1.84
1995-01-08,68.114,20.798,16.61,0.13,1.3,-3.45
1995-01-09,20.838,18.121,17.2,0.2,12.02,-2.73
1995-01-10,40.718,20.521,19.05,0.33,12.78,-1.19
1995-01-11,50.502,21.345,21.29,0.65,1.52,2.23
1995-01-12,52.461,20.601,26.12,0.4,13.56,1.08
1995-01-13,32.224,19.253,25.08,0.49,0.35,-3.68
1995-01-14,42.091,18.855,23.6,0.24,0.0,-6.86
1995-01-15,48.136,18.86,22.28,0.21,0.0,-4.71
1995-01-16,4.364,17.355,21.15,0.32,0.0,-2.89
1995-01-17,34.367,20.227,20.54,0.27,0.0,-0.55
1995-01-18,37.038,20.981,23.2,0.93,0.62,5.69
1995-01-19,41.645,21.451,24.5,0.2,9.74,-1.32
1995-01-20,36.162,21.314,23.81,0.11,0.11,-1.12
1995-01-21,49.154,21.223,22.65,0.17,0.24,-2.97
1995-01-22,36.878,19.52,22.46,0.27,0.0,0.03
1995-01-23,4.011,19.007,25.35,0.3,0.14,4.54
1995-01-24,47.846,21.735,28.55,0.33,2.86,5.17
1995-01-25,44.993,20.596,29.22,0.11,0.4,3.17
1995-01-26,48.728,20.192,30.73,0.08,0.0,4.05
1995-01-27,46.874,19.42,30.57,0.27,0.52,2.09
1995-01-28,42.406,18.475,29.64,0.25,0.02,0.98
1995-01-29,31.16,17.835,29.01,0.25,2.12,0.28
1995-01-30,4.103,18.961,30.73,0.35,5.67,3.34
1995-01-31,50.185,22.231,32.01,0.39,2.99,0.3
1995-02-01,60.181,21.689,31.7,0.15,0.02,1.61
1995-02-02,54.49,20.357,32.29,0.58,1.35,2.82
1995-02-03,45.735,19.805,32.08,0.19,3.94,-0.88
1995-02-04,48.913,20.289,31.32,0.3,0.0,-0.29
1995-02-05,58.268,21.154,31.0,0.41,0.0,3.26
1995-02-06,0.918,19.409,31.29,0.33,0.0,2.92
1995-02-07,10.28,22.632,31.22,0.33,0.0,2.87
1995-02-08,2.123,21.82,31.23,0.32,0.0,2.94
1995-02-09,1.764,21.637,38.1,0.37,4.02,5.47
1995-02-10,1.525,21.485,38.85,0.42,0.32,1.15
1995-02-11,2.422,21.353,34.0,0.39,0.83,-0.89
1995-02-12,1.465,21.144,30.83,0.48,0.0,3.11
1995-02-13,1.824,21.017,30.32,0.42,0.1,2.98
1995-02-14,2.123,20.86,30.77,0.48,1.92,3.34
1995-02-15,1.794,20.676,36.7,0.45,2.85,5.53
1995-02-16,1.764,20.521,37.73,0.52,3.55,7.55
1995-02-17,1.465,20.369,37.88,0.57,0.0,4.98
1995-02-18,1.818,20.242,38.26,0.88,4.17,5.32
1995-02-19,2.054,20.085,38.59,0.58,0.26,-0.47
1995-02-20,1.765,19.908,38.59,0.89,0.0,2.17
1995-02-21,2.054,19.755,38.71,1.24,0.0,4.83
1995-02-22,1.678,19.578,39.11,0.68,6.56,2.77
1995-02-23,1.042,19.433,39.17,0.44,0.21,-3.34
1995-02-24,1.1,19.343,38.89,0.6,0.38,1.99
1995-02-25,1.707,19.248,39.0,1.27,1.85,6.77
1995-02-26,1.389,19.1,40.86,0.97,12.91,4.29
1995-02-27,1.389,18.98,42.17,0.6,4.79,-2.38
1995-02-28,1.331,18.86,42.64,0.64,0.0,-3.84
1995-03-01,3.055,18.745,42.68,1.2,0.0,-1.37
1995-03-02,28.171,18.73,42.49,0.84,1.59,2.89
1995-03-03,20.974,19.255,42.24,0.9,0.0,1.62
1995-03-04,46.454,20.17,42.01,0.79,9.81,-1.01
1995-03-05,51.852,19.725,41.93,0.77,3.27,-3.06
1995-03-06,8.019,17.955,44.38,0.84,18.98,2.81
1995-03-07,53.234,21.996,45.73,0.84,3.16,-2.11
1995-03-08,46.789,20.933,45.91,1.14,0.78,-1.04
1995-03-09,47.004,19.79,45.7,0.86,3.34,-1.92
1995-03-10,35.287,19.125,45.32,1.39,0.0,0.83
1995-03-11,44.445,20.395,45.3,1.47,0.59,5.85
1995-03-12,53.303,21.429,45.36,1.08,0.02,3.57
1995-03-13,43.705,19.901,45.22,0.99,0.0,3.14
1995-03-14,66.181,22.205,44.94,1.14,0.0,4.73
1995-03-15,49.628,20.839,44.58,1.28,0.0,1.64
1995-03-16,61.819,20.998,44.25,1.14,5.98,2.36
1995-03-17,58.403,19.538,43.77,1.09,0.14,0.88
1995-03-18,54.874,18.602,43.19,1.27,0.0,3.61
1995-03-19,57.09,18.215,42.66,1.2,0.0,2.41
1995-03-20,6.721,17.704,43.23,2.52,8.59,6.42
1995-03-21,79.654,22.198,43.63,1.37,0.04,0.31
1995-03-22,66.724,20.231,43.49,1.93,0.0,1.51
1995-03-23,46.388,18.678,43.07,1.85,0.0,1.57
1995-03-24,61.544,19.41,42.78,2.35,0.0,4.19
1995-03-25,40.832,18.17,42.76,2.19,0.0,6.5
1995-03-26,52.708,18.945,42.55,1.13,0.0,1.71
1995-03-27,2.664,18.099,42.04,1.53,0.0,2.36
1995-03-28,32.029,21.487,41.56,2.02,3.39,4.31
1995-03-29,32.146,21.317,41.03,2.06,0.01,3.44
1995-03-30,25.828,20.308,40.56,1.82,3.72,0.72
1995-03-31,22.703,19.495,39.96,1.98,0.02,-1.97
1995-04-01,21.568,19.14,39.19,2.05,0.0,1.06
1995-04-02,37.218,19.517,38.39,2.19,0.0,3.42
1995-04-03,2.465,20.068,38.06,3.38,0.0,8.33
1995-04-04,29.353,20.4,38.48,3.13,0.0,7.86
1995-04-05,27.108,20.676,38.94,3.12,0.0,8.71
1995-04-06,32.287,21.216,39.14,1.75,0.0,7.01
1995-04-07,51.0,21.076,39.07,1.59,0.0,4.25
1995-04-08,21.023,19.621,38.8,2.03,0.0,7.33
1995-04-09,51.607,20.406,38.66,2.97,0.0,6.91
1995-04-10,3.486,18.184,38.62,3.36,0.0,6.67
1995-04-11,33.696,20.542,38.77,3.48,0.0,7.51
1995-04-12,53.26,20.453,39.12,3.52,0.0,7.0
1995-04-13,37.288,18.527,39.57,3.33,0.0,7.07
1995-04-14,37.887,18.328,39.78,2.45,0.34,4.02
1995-04-15,5.006,17.853,39.68,2.85,0.0,3.38
1995-04-16,55.063,19.97,39.4,3.03,0.01,5.43
1995-04-17,3.399,17.723,38.99,1.85,2.66,2.69
1995-04-18,39.547,19.875,38.49,2.13,0.0,5.0
1995-04-19,25.597,19.078,37.95,2.59,0.0,7.05
1995-04-20,23.321,19.463,37.41,1.77,2.49,3.94
1995-04-21,35.492,20.316,36.78,1.2,0.23,0.87
1995-04-22,37.357,19.543,36.04,1.0,1.19,-3.11
1995-04-23,29.304,18.65,35.65,1.63,1.69,0.01
1995-04-24,5.818,18.432,36.04,1.84,11.34,2.3
1995-04-25,68.1,20.81,36.57,1.11,28.68,-0.2
1995-04-26,48.011,20.01,36.66,1.59,4.38,0.76
1995-04-27,34.414,19.04,36.75,1.98,0.02,2.12
1995-04-28,34.154,19.369,37.38,2.84,0.41,7.57
1995-04-29,51.132,20.643,38.18,1.72,0.0,5.57
1995-04-30,98.191,21.186,38.87,1.78,0.25,3.89
1995-05-01,7.575,18.019,39.76,3.13,0.0,6.87
1995-05-02,3.629,20.73,41.52,4.15,0.0,8.86
1995-05-03,42.929,22.825,43.35,3.05,0.0,9.74
1995-05-04,36.713,22.149,44.89,2.48,0.14,9.2
1995-05-05,41.997,22.497,46.35,2.79,0.24,9.13
1995-05-06,38.729,22.239,48.19,4.51,0.0,10.33
1995-05-07,51.917,21.721,50.3,4.63,0.0,12.36
1995-05-08,2.637,19.773,52.34,3.4,0.0,11.71
1995-05-09,26.741,19.841,54.14,3.6,0.0,12.55
1995-05-10,39.143,20.258,55.32,2.76,1.49,11.55
1995-05-11,29.075,19.986,56.19,1.99,0.08,9.07
1995-05-12,28.201,20.423,58.41,1.93,16.24,6.76
1995-05-13,37.421,20.927,60.33,2.06,5.77,3.19
1995-05-14,55.912,20.921,61.62,2.68,4.7,-0.01
1995-05-15,1.531,18.38,62.44,3.77,0.27,5.02
1995-05-16,19.532,18.72,63.36,2.86,3.68,9.41
1995-05-17,31.45,20.076,63.64,2.02,11.03,8.58
1995-05-18,22.612,20.591,63.61,2.73,0.05,9.45
1995-05-19,34.061,21.929,63.53,2.16,2.02,7.99
1995-05-20,45.096,22.156,63.47,2.28,3.86,6.34
1995-05-21,21.903,20.94,63.38,2.81,0.0,5.19
1995-05-22,2.482,21.319,63.35,4.19,0.0,7.03
1995-05-23,27.926,21.49,63.22,3.5,0.0,9.28
1995-05-24,30.463,22.172,63.16,4.14,0.0,9.55
1995-05-25,36.192,22.805,63.33,3.54,0.0,11.25
1995-05-26,36.391,22.887,65.14,1.67,19.71,5.87
1995-05-27,40.766,22.851,67.55,3.42,0.11,9.88
1995-05-28,59.553,22.484,74.6,4.95,0.0,12.99
1995-05-29,3.383,19.385,73.06,5.87,0.0,15.63
1995-05-30,26.672,19.455,70.69,2.28,5.64,8.17
1995-05-31,28.707,19.691,69.17,2.64,3.43,7.07
1995-06-01,25.388,20.581,68.38,2.76,5.57,6.39
1995-06-02,28.003,21.849,67.57,3.07,0.03,8.08
1995-06-03,32.383,22.668,67.57,2.48,0.2,8.01
1995-06-04,46.004,22.422,67.56,2.48,0.17,9.34
1995-06-05,14.617,20.338,67.09,2.79,0.0,10.39
1995-06-06,36.731,20.144,63.25,2.89,0.0,9.75
1995-06-07,22.25,19.298,62.75,3.97,0.0,8.91
1995-06-08,21.971,19.73,62.25,4.74,0.0,10.73
1995-06-09,37.923,19.832,61.76,2.78,3.04,10.71
1995-06-10,20.71,18.58,60.39,2.36,1.26,8.75
1995-06-11,0.0,19.268,58.73,2.94,1.99,8.06
1995-06-12,2.036,21.991,52.89,2.49,1.04,8.05
1995-06-13,25.152,22.043,45.21,2.69,0.5,7.73
1995-06-14,33.098,22.596,43.17,3.06,0.04,10.69
1995-06-15,33.147,22.389,41.3,2.12,1.09,8.83
1995-06-16,29.804,21.929,39.69,1.78,0.34,6.48
1995-06-17,27.798,21.216,39.99,3.91,0.0,9.93
1995-06-18,20.551,20.901,41.27,5.18,0.0,14.47
1995-06-19,1.76,21.216,41.04,4.38,0.0,13.31
1995-06-20,22.608,21.66,47.45,4.64,0.0,15.19
1995-06-21,39.62,22.787,61.78,4.21,12.52,16.52
1995-06-22,47.53,22.647,61.25,2.33,3.61,12.89
1995-06-23,52.463,22.306,60.0,3.15,1.94,13.7
1995-06-24,46.746,21.681,56.41,4.08,0.07,11.74
1995-06-25,56.495,21.573,47.31,3.97,0.0,9.72
1995-06-26,23.619,20.542,44.56,4.52,0.0,11.56
1995-06-27,50.724,22.226,42.62,4.31,0.0,14.04
1995-06-28,45.213,20.961,40.68,3.58,0.24,13.92
1995-06-29,26.33,19.901,38.54,3.99,1.45,15.2
1995-06-30,19.838,20.469,36.5,4.21,0.68,16.86
1995-07-01,52.114,21.658,34.45,4.81,0.41,17.0
1995-07-02,47.149,19.895,33.34,6.0,0.22,16.35
1995-07-03,3.475,18.548,33.97,3.78,3.48,14.9
1995-07-04,40.094,21.229,33.56,3.51,0.31,12.67
1995-07-05,23.184,20.792,35.36,2.6,5.53,9.36
1995-07-06,33.312,21.952,34.53,3.6,0.0,11.58
1995-07-07,51.319,22.112,32.54,4.41,0.0,13.59
1995-07-08,42.546,21.025,30.8,4.63,0.0,15.01
1995-07-09,45.857,20.493,29.06,4.51,0.0,15.6
1995-07-10,5.509,19.335,28.16,4.86,0.0,16.42
1995-07-11,38.306,22.789,31.55,3.8,8.86,15.92
1995-07-12,43.264,22.673,31.45,3.7,0.08,13.87
1995-07-13,41.553,22.296,30.05,5.59,0.0,15.91
1995-07-14,35.094,21.924,30.91,4.16,3.44,15.74
1995-07-15,50.093,22.133,30.05,3.62,0.0,14.54
1995-07-16,54.565,21.138,28.56,5.27,0.0,17.56
1995-07-17,3.827,19.568,27.29,2.9,0.28,12.64
1995-07-18,44.257,22.9,25.79,4.14,0.0,16.33
1995-07-19,27.48,22.391,24.25,4.23,0.0,15.22
1995-07-20,45.867,23.029,22.83,5.86,0.0,18.85
1995-07-21,57.622,22.753,21.85,5.42,0.23,20.48
1995-07-22,60.383,21.319,21.14,4.62,0.4,18.53
1995-07-23,49.926,18.161,20.35,3.35,0.14,15.37
1995-07-24,8.27,15.969,19.3,3.77,0.14,14.29
1995-07-25,1.655,16.156,18.29,5.8,0.0,17.57
1995-07-26,17.15,18.148,17.47,4.59,0.39,18.38
1995-07-27,9.596,17.563,16.79,4.17,0.28,17.03
1995-07-28,9.733,18.79,15.87,2.98,0.0,13.86
1995-07-29,28.969,19.818,14.81,5.46,0.0,16.4
1995-07-30,37.156,18.814,14.2,5.95,0.0,18.39
1995-07-31,2.77,16.695,13.69,3.14,0.0,15.28
1995-08-01,19.017,18.245,14.97,3.44,3.76,16.07
1995-08-02,18.054,17.665,15.21,3.15,0.48,15.92
1995-08-03,18.308,17.94,14.47,5.22,0.0,18.57
1995-08-04,15.016,17.933,13.79,3.16,0.0,17.59
1995-08-05,9.735,17.873,13.19,3.51,0.97,16.91
1995-08-06,21.903,18.016,12.65,2.78,0.15,16.19
1995-08-07,0.751,16.902,12.8,3.57,0.59,14.09
1995-08-08,6.857,17.335,12.87,2.16,0.42,12.25
1995-08-09,5.846,18.015,12.3,3.44,0.0,14.04
1995-08-10,9.473,18.927,12.19,3.81,0.83,16.67
1995-08-11,9.614,19.964,12.82,2.8,2.75,16.06
1995-08-12,20.623,20.79,12.69,3.99,0.06,16.91
1995-08-13,21.587,20.857,12.44,3.26,0.67,16.2
1995-08-14,6.232,20.787,11.99,3.16,0.0,16.08
1995-08-15,24.084,22.162,11.46,3.57,0.14,15.11
1995-08-16,1.286,21.709,10.86,3.6,0.0,13.7
1995-08-17,15.276,22.348,10.29,4.72,0.0,14.54
1995-08-18,15.774,22.2,10.24,4.7,0.0,15.91
1995-08-19,38.172,22.252,10.24,2.64,0.0,14.59
1995-08-20,19.885,20.012,10.27,3.0,0.0,15.3
1995-08-21,4.312,20.195,10.24,2.63,2.25,14.41
1995-08-22,27.65,21.885,10.28,3.1,2.68,13.59
1995-08-23,29.024,21.743,10.29,2.78,0.28,13.76
1995-08-24,32.623,21.699,10.61,2.87,3.74,14.01
1995-08-25,27.681,21.239,14.99,2.88,8.98,12.53
1995-08-26,28.319,21.516,16.44,3.6,0.14,13.72
1995-08-27,40.245,21.609,15.91,3.27,0.42,14.27
1995-08-28,14.411,20.278,15.37,2.53,0.31,13.45
1995-08-29,38.69,21.823,14.93,2.46,0.5,8.26
1995-08-30,29.972,20.971,14.3,3.83,0.0,9.69
1995-08-31,32.858,20.622,13.63,2.57,0.0,11.85
1995-09-01,38.622,20.089,12.83,2.74,0.0,8.74
1995-09-02,38.657,18.658,12.1,3.28,0.0,9.95
1995-09-03,33.147,19.27,11.42,3.25,0.0,12.05
1995-09-04,30.632,19.311,11.24,2.92,0.0,12.63
1995-09-05,38.263,22.2,11.86,1.58,3.21,9.65
1995-09-06,38.869,22.363,11.73,1.69,0.92,9.84
1995-09-07,40.123,21.337,11.03,2.45,0.0,14.4
1995-09-08,40.865,21.296,10.99,3.35,1.39,13.98
1995-09-09,39.228,21.024,10.9,2.26,0.0,8.05
1995-09-10,33.846,19.483,10.5,3.09,0.0,11.48
1995-09-11,30.281,18.553,12.81,2.91,5.34,14.81
1995-09-12,30.692,21.387,16.94,1.67,5.41,10.65
1995-09-13,38.932,21.823,23.17,1.44,12.44,8.3
1995-09-14,38.824,21.11,24.55,1.96,0.59,7.18
1995-09-15,39.532,22.162,24.75,1.67,1.85,10.25
1995-09-16,39.372,20.263,24.05,1.56,0.0,7.7
1995-09-17,33.64,19.985,23.33,1.61,0.0,8.71
1995-09-18,30.447,19.859,28.51,1.55,7.26,9.99
1995-09-19,38.032,21.443,42.97,1.08,26.79,6.4
1995-09-20,38.017,20.87,56.31,1.52,14.26,8.38
1995-09-21,37.908,20.711,57.76,1.22,10.97,6.8
1995-09-22,38.546,19.51,58.11,1.43,0.09,7.22
1995-09-23,37.743,18.6,58.1,1.28,0.0,6.83
1995-09-24,32.278,18.235,57.72,1.22,0.0,6.35
1995-09-25,30.195,18.159,57.18,1.28,3.96,7.81
1995-09-26,37.059,21.321,56.64,1.2,2.6,3.23
1995-09-27,38.607,18.685,56.07,2.06,0.0,5.13
1995-09-28,38.947,18.338,55.65,2.38,5.82,10.47
1995-09-29,38.932,18.657,55.27,1.4,1.35,9.3
1995-09-30,38.365,17.652,54.72,1.1,0.0,6.82
1995-10-01,33.993,17.885,54.08,1.2,3.19,10.01
1995-10-02,,18.93,53.47,1.5,0.57,12.56
1995-10-03,,,52.85,1.9,1.41,14.27
1995-10-04,,,52.16,1.14,0.14,11.3
1995-10-05,,,51.71,1.61,5.51,12.89
1995-10-06,,,51.46,0.86,5.61,7.04
1995-10-07,,,51.21,1.67,0.02,9.78
1995-10-08,,,50.74,1.64,0.0,10.11
1995-10-09,,,50.01,1.7,0.0,10.32
1995-10-10,,,49.1,1.79,0.0,11.62
1995-10-11,,,43.17,1.02,0.0,10.18
1995-10-12,,,37.94,1.56,0.0,9.86
1995-10-13,,,35.93,1.11,0.0,9.15
1995-10-14,,,35.35,1.28,0.01,9.29
1995-10-15,,,45.32,0.91,11.65,10.74
1995-10-16,,,47.14,0.83,0.57,7.72
1995-10-17,,,46.23,1.37,0.01,8.53
1995-10-18,,,39.26,1.46,0.0,9.2
1995-10-19,,,37.3,0.88,2.37,11.31
1995-10-20,,,37.53,0.73,1.92,9.34
1995-10-21,,,36.12,0.66,0.25,7.05
1995-10-22,,,34.21,0.55,0.01,4.68
1995-10-23,,,32.38,0.86,0.0,7.52
1995-10-24,,,30.69,0.62,0.03,7.13
1995-10-25,,,29.05,0.61,0.0,8.99
1995-10-26,,,27.52,1.02,0.0,10.65
1995-10-27,,,26.03,0.6,0.0,11.02
1995-10-28,,,24.66,0.89,0.0,10.39
1995-10-29,,,23.47,0.59,0.24,10.03
1995-10-30,,,22.55,0.52,0.5,7.84
1995-10-31,,,21.5,0.4,0.0,5.86
1995-11-01,,,20.33,0.56,0.0,7.76
1995-11-02,,,19.11,0.32,0.0,8.92
1995-11-03,,,18.09,0.97,0.0,4.98
1995-11-04,,,17.14,0.4,0.0,1.43
1995-11-05,,,16.29,0.61,0.0,0.62
1995-11-06,,,15.45,0.37,0.0,0.67
1995-11-07,,,14.6,0.73,0.0,3.46
1995-11-08,,,13.84,0.77,0.0,3.62
1995-11-09,,,13.12,0.49,0.0,3.38
1995-11-10,,,12.43,0.41,0.0,6.1
1995-11-11,,,11.95,0.72,0.26,8.97
1995-11-12,,,12.96,0.77,1.05,10.62
1995-11-13,,,18.68,0.13,11.5,4.89
1995-11-14,,,19.33,0.24,0.22,2.08
1995-11-15,,,18.99,0.34,0.0,3.72
1995-11-16,,,19.14,0.26,0.05,7.43
1995-11-17,,,19.17,0.19,0.13,7.15
1995-11-18,,,21.07,0.13,5.56,5.52
1995-11-19,,,20.85,0.24,0.36,-2.85
1995-11-20,,,19.78,0.0,0.0,-1.16
1995-11-21,,,19.83,0.2,0.03,4.23
1995-11-22,,,23.83,0.27,8.88,5.59
1995-11-23,,,28.13,0.22,12.07,3.4
1995-11-24,,,27.75,0.14,0.42,0.34
1995-11-25,,,26.59,0.07,0.0,1.8
1995-11-26,,,25.63,0.08,0.69,3.24
1995-11-27,,,24.21,0.19,0.02,-1.92
1995-11-28,,,22.93,0.12,0.0,-1.41
1995-11-29,,,21.82,0.11,0.0,0.41
1995-11-30,,,20.72,0.12,0.0,-0.18
1995-12-01,,,20.09,0.17,0.03,1.87
1995-12-02,,,25.53,0.09,0.0,1.61
1995-12-03,,,50.31,0.28,35.43,2.94
1995-12-04,,,63.38,0.25,39.35,2.29
1995-12-05,,,64.38,0.21,6.26,-0.13
1995-12-06,,,64.08,0.13,0.08,-4.54
1995-12-07,,,64.11,0.07,0.0,-4.59
1995-12-08,,,64.35,0.16,2.56,-2.17
1995-12-09,,,64.76,0.02,2.52,-0.82
1995-12-10,,,63.59,0.02,3.48,0.5
1995-12-11,,,59.73,0.02,0.22,0.6
1995-12-12,,,49.57,0.03,0.0,0.35
1995-12-13,,,46.36,0.01,0.03,0.32
1995-12-14,,,43.77,0.06,0.0,-5.24
1995-12-15,,,41.65,0.14,0.0,-8.46
1995-12-16,,,40.16,0.04,4.27,-6.09
1995-12-17,,,38.71,0.01,0.17,1.58
1995-12-18,,,36.91,0.02,0.0,-0.07
1995-12-19,,,34.95,0.12,0.06,-1.2
1995-12-20,,,33.21,0.01,0.03,-0.4
1995-12-21,,,31.99,0.01,0.04,1.32
1995-12-22,,,31.15,0.05,0.06,3.08
1995-12-23,,,30.25,0.15,0.41,2.4
1995-12-24,,,31.09,0.06,3.12,3.88
1995-12-25,,,35.34,0.12,5.73,7.02
1995-12-26,,,39.98,0.22,5.92,5.84
1995-12-27,,,42.84,0.09,11.78,0.87
1995-12-28,,,40.97,0.17,0.95,-4.84
1995-12-29,,,39.33,0.13,0.0,0.07
1995-12-30,,,38.13,0.19,1.18,1.51
1995-12-31,,,37.49,0.0,1.47,2.1
1996-01-01,,,36.53,0.13,1.59,1.78
1996-01-02,,,36.86,0.2,4.36,3.88
1996-01-03,,,36.32,0.27,2.35,-0.32
1996-01-04,,,34.73,0.03,0.03,-1.35
1996-01-05,,,33.49,0.15,0.53,-0.39
1996-01-06,,,33.42,0.15,6.83,-0.98
1996-01-07,,,33.38,0.09,2.78,0.79
1996-01-08,,,33.08,0.08,5.2,0.42
1996-01-09,,,39.71,0.42,1.89,4.89
1996-01-10,,,55.23,0.18,24.5,3.8
1996-01-11,,,49.9,0.13,2.86,-1.05
1996-01-12,,,48.14,0.1,3.23,3.03
1996-01-13,,,45.49,0.15,0.41,0.63
1996-01-14,,,43.2,0.03,0.0,0.36
1996-01-15,,,41.23,0.16,0.0,2.31
1996-01-16,,,39.7,0.07,0.0,3.27
1996-01-17,,,38.1,0.08,0.0,2.09
1996-01-18,,,36.52,0.23,0.0,1.55
1996-01-19,,,34.85,0.09,0.0,-0.16
1996-01-20,,,33.27,0.24,0.01,1.08
1996-01-21,,,31.52,0.18,0.0,-0.17
1996-01-22,,,31.69,0.9,0.09,5.03
1996-01-23,,,33.09,0.27,2.77,3.2
1996-01-24,,,33.35,0.28,0.99,2.96
1996-01-25,,,34.13,0.22,8.55,0.34
1996-01-26,,,32.87,0.22,2.45,-0.9
1996-01-27,,,31.81,0.12,0.05,0.06
1996-01-28,,,31.43,0.29,0.63,2.85
1996-01-29,,,32.04,0.2,0.0,1.22
1996-01-30,,,35.25,0.25,9.17,2.61
1996-01-31,,,34.47,0.24,2.22,0.06
1996-02-01,,,33.09,0.06,0.22,1.35
1996-02-02,,,31.53,0.4,0.14,-0.31
1996-02-03,,,30.29,0.3,1.26,-0.24
1996-02-04,,,29.35,0.14,0.53,1.51
1996-02-05,,,28.45,0.24,2.67,-3.01
1996-02-06,,,28.58,0.38,8.03,-2.19
1996-02-07,,,29.27,0.56,11.66,-0.44
1996-02-08,,,30.84,0.47,15.53,0.45
1996-02-09,,,29.68,0.36,1.91,-3.56
1996-02-10,,,28.88,0.24,0.62,0.26
1996-02-11,,,27.99,0.31,0.93,-0.45
1996-02-12,,,27.22,0.44,0.49,-0.82
1996-02-13,,,29.07,0.48,1.43,3.8
1996-02-14,,,30.53,0.6,5.45,0.92
1996-02-15,,,29.23,0.35,0.03,-4.0
1996-02-16,,,27.63,0.3,0.0,-5.1
1996-02-17,,,26.14,0.33,0.0,-4.56
1996-02-18,,,25.97,0.52,0.0,-0.37
1996-02-19,,,29.22,0.99,6.55,2.85
1996-02-20,,,28.91,0.5,7.96,-2.27
1996-02-21,,,27.21,0.51,1.19,-6.44
1996-02-22,,,25.59,0.55,0.38,-8.73
1996-02-23,,,24.35,0.88,3.06,-6.64
1996-02-24,,,23.91,0.6,5.75,-1.8
1996-02-25,,,24.21,0.64,0.08,-0.38
1996-02-26,,,25.7,1.43,0.0,3.04
1996-02-27,,,25.51,0.58,2.4,0.54
1996-02-28,,,24.43,0.5,0.14,-2.11
1996-02-29,,,23.59,0.82,0.0,-1.09
1996-03-01,,,22.73,0.65,0.0,0.85
1996-03-02,,,21.83,0.83,0.62,0.28
1996-03-03,,,21.0,0.67,2.14,-1.5
1996-03-04,,,20.0,0.6,0.0,-2.26
1996-03-05,,,19.11,0.73,0.0,-0.96
1996-03-06,,,18.17,0.77,0.0,-0.5
1996-03-07,,,17.25,0.62,0.0,-2.72
1996-03-08,,,16.61,0.73,0.0,-1.69
1996-03-09,,,17.44,1.11,0.0,0.75
1996-03-10,,,18.56,1.13,0.0,1.06
1996-03-11,,,18.58,0.85,0.0,2.27
1996-03-12,,,17.99,1.0,0.0,-1.92
1996-03-13,,,18.45,1.37,0.0,0.99
1996-03-14,,,19.85,1.38,1.41,2.56
1996-03-15,,,21.62,0.8,6.4,1.06
1996-03-16,,,22.91,0.67,11.54,-0.2
1996-03-17,,,22.27,0.92,1.18,-0.78
1996-03-18,,,21.84,1.19,0.0,-0.73
1996-03-19,,,22.36,1.81,0.0,1.4
1996-03-20,,,24.55,1.36,0.02,4.26
1996-03-21,,,25.15,1.11,0.0,2.41
1996-03-22,,,28.22,1.77,0.0,4.94
1996-03-23,,,34.16,2.3,0.0,6.86
1996-03-24,,,36.98,2.04,0.0,8.07
1996-03-25,,,37.97,1.7,0.0,7.33
1996-03-26,,,40.96,2.03,0.01,7.31
1996-03-27,,,44.03,1.26,8.48,4.45
1996-03-28,,,46.35,1.62,8.45,5.02
1996-03-29,,,45.05,1.63,0.29,3.06
1996-03-30,,,42.89,1.26,0.34,2.28
1996-03-31,,,41.17,1.22,0.04,0.77
1996-04-01,,,43.41,1.48,3.44,4.93
1996-04-02,,,48.75,1.42,14.43,4.09
1996-04-03,,,46.24,1.67,0.27,-1.01
1996-04-04,,,43.48,1.72,0.0,-3.77
1996-04-05,,,41.35,2.18,0.0,-0.61
1996-04-06,,,40.26,2.08,0.0,3.41
1996-04-07,,,39.47,1.74,0.0,3.88
1996-04-08,,,38.39,1.86,0.14,5.51
1996-04-09,,,36.72,1.48,0.0,2.74
1996-04-10,,,36.39,2.52,0.0,4.77
1996-04-11,,,37.11,2.65,0.0,7.93
1996-04-12,,,37.16,1.75,0.0,6.8
1996-04-13,,,38.62,2.46,0.0,8.14
1996-04-14,,,39.67,1.99,0.0,6.5
1996-04-15,,,39.84,1.99,2.61,6.49
1996-04-16,,,47.49,1.87,1.28,6.07
1996-04-17,,,63.09,2.21,14.71,7.63
1996-04-18,,,63.56,2.01,4.18,1.69
1996-04-19,,,62.39,3.05,0.07,4.69
1996-04-20,,,61.23,3.18,0.0,7.84
1996-04-21,,,60.46,3.11,0.0,9.43
1996-04-22,,,60.42,2.23,0.0,7.93
1996-04-23,,,60.48,1.76,5.77,7.38
1996-04-24,,,59.88,1.93,2.15,3.43
1996-04-25,,,59.14,2.02,0.26,5.42
1996-04-26,,,58.24,2.05,0.0,4.14
1996-04-27,,,57.69,2.16,0.38,6.59
1996-04-28,,,60.31,1.49,20.81,6.69
1996-04-29,,,62.84,1.56,11.06,6.32
1996-04-30,,,64.78,1.5,14.73,5.0
1996-05-01,,,65.02,1.99,1.09,5.91
1996-05-02,,,64.92,2.01,1.73,3.9
1996-05-03,,,64.85,2.24,4.07,2.99
1996-05-04,,,64.72,2.3,2.23,4.74
1996-05-05,,,64.59,3.41,0.03,7.64
1996-05-06,,,64.67,3.13,0.0,8.26
1996-05-07,,,65.15,3.08,1.86,10.21
1996-05-08,,,90.65,2.02,16.43,7.47
1996-05-09,,,107.37,2.17,14.03,7.81
1996-05-10,,,102.67,2.17,11.21,7.83
1996-05-11,,,97.51,1.59,4.82,4.54
1996-05-12,,,93.86,1.36,7.85,2.54
1996-05-13,,,88.93,2.02,0.22,1.95
1996-05-14,,,84.92,3.41,0.0,4.91
1996-05-15,,,84.37,3.07,0.0,5.9
1996-05-16,,,90.9,4.33,0.0,9.67
1996-05-17,,,90.94,3.9,3.78,10.88
1996-05-18,,,93.24,3.75,1.44,10.91
1996-05-19,,,87.93,3.41,2.13,9.22
1996-05-20,,,82.89,2.24,1.29,4.26
1996-05-21,,,78.57,2.74,0.07,5.23
1996-05-22,,,75.51,2.25,0.0,4.63
1996-05-23,,,76.48,4.25,0.0,8.63
1996-05-24,,,82.18,4.82,0.0,11.14
1996-05-25,,,76.56,4.44,6.7,13.13
1996-05-26,,,74.27,2.99,0.0,11.91
1996-05-27,,,73.19,3.23,0.0,12.11
1996-05-28,,,70.95,4.4,0.0,11.25
1996-05-29,,,72.13,3.6,0.0,9.71
1996-05-30,,,79.21,5.43,0.0,12.97
1996-05-31,,,73.41,5.76,0.0,15.03
1996-06-01,,,73.38,3.12,2.52,11.14
1996-06-02,,,78.04,1.76,19.91,5.96
1996-06-03,,,77.23,1.59,8.88,4.68
1996-06-04,,,79.0,2.49,0.34,6.92
1996-06-05,,,85.23,4.39,0.0,10.66
1996-06-06,,,90.55,5.44,0.0,14.97
1996-06-07,,,88.6,5.36,0.0,15.24
1996-06-08,,,82.83,5.04,0.0,15.95
1996-06-09,,,80.21,3.54,0.0,13.88
1996-06-10,,,77.84,4.35,0.0,14.12
1996-06-11,,,76.47,4.7,0.0,15.64
1996-06-12,,,72.94,5.06,0.0,17.34
1996-06-13,,,69.32,3.38,0.0,16.0
1996-06-14,,,67.56,4.57,0.0,14.71
1996-06-15,,,67.54,5.61,0.0,14.72
1996-06-16,,,67.55,5.62,0.0,15.08
1996-06-17,,,67.54,5.32,0.13,15.04
1996-06-18,,,65.51,5.48,0.0,15.62
1996-06-19,,,63.63,4.02,10.67,15.36
1996-06-20,,,63.49,4.0,0.44,15.24
1996-06-21,,,63.49,2.63,3.56,12.32
1996-06-22,,,63.41,2.77,5.67,9.3
1996-06-23,,,63.44,2.91,3.73,8.0
1996-06-24,,,63.44,3.02,4.4,8.15
1996-06-25,,,63.43,3.01,0.3,9.11
1996-06-26,,,63.36,2.42,5.0,8.14
1996-06-27,,,63.27,2.95,0.08,9.58
1996-06-28,,,63.05,4.06,0.0,11.91
1996-06-29,,,61.22,5.45,0.0,15.07
1996-06-30,,,57.92,3.12,0.0,12.13
1996-07-01,,,55.01,4.03,0.0,12.14
1996-07-02,,,52.07,3.64,3.48,12.59
1996-07-03,,,44.93,2.03,0.94,8.55
1996-07-04,,,42.72,3.95,0.0,13.18
1996-07-05,,,43.42,2.69,4.0,13.23
1996-07-06,,,44.37,2.64,2.97,11.04
1996-07-07,,,45.48,2.55,0.4,10.31
1996-07-08,,,60.14,2.81,19.17,9.19
1996-07-09,,,61.8,3.45,0.6,7.24
1996-07-10,,,60.85,4.57,0.0,11.37
1996-07-11,,,59.64,3.32,2.68,12.1
1996-07-12,,,53.23,3.72,0.0,12.23
1996-07-13,,,46.22,4.56,0.0,14.83
1996-07-14,,,43.82,3.56,0.91,13.33
1996-07-15,,,41.41,4.83,0.01,15.19
1996-07-16,,,39.12,5.05,0.0,16.63
1996-07-17,,,36.91,4.97,0.0,16.9
1996-07-18,,,34.84,5.24,0.0,17.57
1996-07-19,,,32.89,5.08,0.0,17.48
1996-07-20,,,31.09,5.51,0.0,15.71
1996-07-21,,,29.4,5.37,0.0,15.39
1996-07-22,,,27.83,5.48,0.0,15.98
1996-07-23,,,26.6,5.67,0.14,17.98
1996-07-24,,,25.32,3.14,0.03,17.75
1996-07-25,,,24.25,3.68,0.47,17.37
1996-07-26,,,24.03,3.85,1.27,17.94
1996-07-27,,,25.25,2.71,0.7,13.46
1996-07-28,,,30.69,2.49,10.85,13.78
1996-07-29,,,31.2,3.46,0.09,14.21
1996-07-30,,,29.53,4.36,2.47,17.18
1996-07-31,,,28.1,3.41,0.18,14.51
1996-08-01,,,26.57,4.37,0.0,15.03
1996-08-02,,,25.36,4.37,0.0,17.04
1996-08-03,,,25.25,2.29,1.68,12.16
1996-08-04,,,25.26,2.12,3.03,12.32
1996-08-05,,,24.74,3.75,0.37,15.77
1996-08-06,,,23.75,2.66,0.0,14.53
1996-08-07,,,23.91,2.9,1.59,15.28
1996-08-08,,,27.88,2.27,9.55,13.75
1996-08-09,,,27.87,3.78,0.13,14.76
1996-08-10,,,26.35,5.07,0.0,17.02
1996-08-11,,,25.37,3.35,1.31,15.83
1996-08-12,,,24.27,3.01,0.23,13.28
1996-08-13,,,23.27,2.6,0.14,12.11
1996-08-14,,,22.66,2.73,1.63,12.4
1996-08-15,,,21.59,2.52,0.2,12.38
1996-08-16,,,20.3,3.65,0.0,13.92
1996-08-17,,,19.26,4.49,0.14,14.96
1996-08-18,,,18.26,4.54,0.0,14.82
1996-08-19,,,17.26,4.55,0.0,16.09
1996-08-20,,,16.71,4.0,0.05,17.21
1996-08-21,,,19.62,2.33,4.17,13.94
1996-08-22,,,28.75,2.1,14.77,12.18
1996-08-23,,,30.24,3.5,0.0,12.63
1996-08-24,,,29.57,2.52,1.47,12.63
1996-08-25,,,28.51,2.23,0.32,10.07
1996-08-26,,,27.51,2.55,0.0,11.38
1996-08-27,,,31.33,1.95,5.55,12.4
1996-08-28,,,37.52,1.58,8.94,8.5
1996-08-29,,,38.51,2.67,1.31,10.05
1996-08-30,,,39.36,2.13,4.37,9.84
1996-08-31,,,38.15,2.28,0.0,9.55
1996-09-01,,,36.03,2.43,0.0,10.22
1996-09-02,,,34.05,2.43,0.0,8.93
1996-09-03,,,32.26,2.63,0.0,8.87
1996-09-04,,,30.67,1.99,0.14,8.06
1996-09-05,,,29.02,3.13,0.0,10.98
1996-09-06,,,27.47,2.77,0.0,12.01
1996-09-07,,,25.92,2.57,0.0,12.03
1996-09-08,,,24.64,3.18,0.0,12.1
1996-09-09,,,23.81,2.09,1.14,9.83
1996-09-10,,,23.08,1.83,2.14,7.44
1996-09-11,,,22.07,2.58,0.05,8.53
1996-09-12,,,21.26,1.71,0.86,10.33
1996-09-13,,,20.37,1.52,0.64,7.32
1996-09-14,,,19.32,1.95,0.0,9.01
1996-09-15,,,18.26,1.78,0.0,6.48
1996-09-16,,,17.26,2.54,0.0,8.84
1996-09-17,,,18.59,2.71,0.18,13.16
1996-09-18,,,28.34,1.24,14.74,8.71
1996-09-19,,,33.09,1.59,6.46,9.78
1996-09-20,,,33.24,1.43,0.91,7.22
1996-09-21,,,32.3,1.01,0.48,6.59
1996-09-22,,,32.95,1.11,3.95,6.61
1996-09-23,,,34.19,1.39,3.9,5.9
1996-09-24,,,33.84,1.53,0.43,7.21
1996-09-25,,,32.85,1.44,0.0,8.42
1996-09-26,,,32.08,1.39,1.33,7.9
1996-09-27,,,31.22,1.72,0.05,10.03
1996-09-28,,,31.5,1.47,2.87,12.04
1996-09-29,,,30.46,1.48,0.0,8.9
1996-09-30,,,29.04,2.17,0.0,12.11
1996-10-01,,,28.22,1.86,0.18,12.83
1996-10-02,,,28.79,0.99,3.25,5.93
1996-10-03,,,30.69,1.19,5.94,5.8
1996-10-04,,,30.77,1.25,0.02,4.93
1996-10-05,,,31.85,1.59,4.13,7.86
1996-10-06,,,32.74,0.93,5.06,4.19
1996-10-07,,,31.69,0.89,0.85,2.92
1996-10-08,,,30.24,0.89,0.0,3.0
1996-10-09,,,29.22,1.02,0.0,5.43
1996-10-10,,,28.14,0.9,0.0,7.01
1996-10-11,,,26.92,0.85,0.0,6.44
1996-10-12,,,25.9,1.3,0.0,6.69
1996-10-13,,,25.77,1.05,0.0,6.92
1996-10-14,,,32.33,1.12,4.72,10.64
1996-10-15,,,47.08,0.77,26.24,8.09
1996-10-16,,,47.73,0.87,5.85,5.73
1996-10-17,,,45.69,0.66,0.47,3.29
1996-10-18,,,43.42,0.61,0.0,4.65
1996-10-19,,,42.46,0.85,0.72,9.65
1996-10-20,,,41.06,1.01,0.0,8.05
1996-10-21,,,39.26,0.56,0.0,7.99
1996-10-22,,,37.5,0.86,0.0,9.46
1996-10-23,,,35.95,1.16,0.0,10.23
1996-10-24,,,34.45,1.17,0.0,10.96
1996-10-25,,,32.73,0.72,0.0,9.21
1996-10-26,,,31.02,0.59,0.08,9.58
1996-10-27,,,29.37,0.55,0.0,6.59
1996-10-28,,,28.01,0.36,0.0,7.83
1996-10-29,,,28.18,0.52,2.82,8.14
1996-10-30,,,28.4,0.46,3.73,3.03
1996-10-31,,,27.42,0.47,0.03,1.46
1996-11-01,,,26.25,0.76,0.1,4.68
1996-11-02,,,25.0,0.38,0.0,5.0
1996-11-03,,,23.83,0.56,0.0,4.07
1996-11-04,,,22.92,0.36,0.0,5.92
1996-11-05,,,23.82,0.41,3.9,8.91
1996-11-06,,,23.34,0.28,0.13,2.52
1996-11-07,,,22.39,0.39,0.0,5.36
1996-11-08,,,22.19,0.3,1.2,7.32
1996-11-09,,,21.35,0.26,0.0,5.26
1996-11-10,,,20.29,0.15,0.0,4.28
1996-11-11,,,19.74,0.11,0.69,4.81
1996-11-12,,,20.85,0.35,1.75,4.26
1996-11-13,,,24.81,0.32,12.94,3.9
1996-11-14,,,25.45,0.3,2.8,2.87
1996-11-15,,,24.49,0.28,2.11,-1.17
1996-11-16,,,23.68,0.18,0.0,-4.82
1996-11-17,,,23.46,0.13,17.58,-3.63
1996-11-18,,,23.78,0.22,14.66,-3.22
1996-11-19,,,23.3,0.1,1.61,-2.74
1996-11-20,,,25.73,0.21,6.61,1.79
1996-11-21,,,26.96,0.25,7.51,0.41
1996-11-22,,,27.4,0.19,0.44,0.71
1996-11-23,,,28.55,0.26,5.19,2.01
1996-11-24,,,29.18,0.14,4.7,0.94
1996-11-25,,,32.76,0.02,0.0,-0.72
1996-11-26,,,56.55,0.39,25.96,3.57
1996-11-27,,,55.58,0.47,6.67,2.85
1996-11-28,,,59.66,0.33,14.18,4.5
1996-11-29,,,59.23,0.3,0.04,-2.37
1996-11-30,,,58.69,0.3,1.69,2.64
1996-12-01,,,60.17,0.6,17.56,5.52
1996-12-02,,,61.25,0.14,0.38,5.35
1996-12-03,,,61.73,0.18,4.5,1.53
1996-12-04,,,61.73,0.15,0.0,0.55
1996-12-05,,,62.34,0.13,0.26,3.46
1996-12-06,,,62.45,0.21,6.13,-0.06
1996-12-07,,,62.64,0.19,2.65,0.16
1996-12-08,,,62.73,0.21,15.02,1.64
1996-12-09,,,62.0,0.17,7.44,0.59
1996-12-10,,,61.31,0.18,7.62,-0.98
1996-12-11,,,60.35,0.01,0.13,-0.59
1996-12-12,,,59.23,0.08,0.13,0.82
1996-12-13,,,58.14,0.09,0.22,5.17
1996-12-14,,,57.38,0.06,1.15,3.51
1996-12-15,,,56.7,0.12,8.06,1.21
1996-12-16,,,55.55,0.07,0.02,-3.21
1996-12-17,,,54.27,0.08,0.06,-0.9
1996-12-18,,,46.95,0.14,0.0,2.02
1996-12-19,,,44.49,0.14,1.06,3.68
1996-12-20,,,51.77,0.04,8.41,2.3
1996-12-21,,,49.34,0.03,0.29,1.03
1996-12-22,,,42.25,0.09,0.07,2.56
1996-12-23,,,40.49,0.15,0.4,2.99
1996-12-24,,,39.78,0.0,0.23,2.33
1996-12-25,,,38.55,0.09,2.17,1.16
1996-12-26,,,36.65,0.18,0.93,-1.04
1996-12-27,,,34.7,0.29,0.0,-5.02
1996-12-28,,,32.83,0.05,0.0,-5.86
1996-12-29,,,31.05,0.02,0.0,-8.01
1996-12-30,,,29.37,0.01,0.41,-8.83
1996-12-31,,,28.01,0.06,0.01,-8.31
1997-01-01,,,26.49,0.08,2.52,-7.63
1997-01-02,,,25.35,0.13,1.33,-5.53
1997-01-03,,,25.65,0.12,2.4,-4.83
1997-01-04,,,25.65,0.18,19.61,-3.99
1997-01-05,,,23.71,0.2,6.27,-4.33
1997-01-06,,,22.49,0.03,2.19,-3.72
1997-01-07,,,21.23,0.15,2.74,-6.28
1997-01-08,,,21.22,0.14,1.14,-4.09
1997-01-09,,,20.55,0.16,4.38,-5.1
1997-01-10,,,19.91,0.17,3.35,-2.62
1997-01-11,,,19.24,0.09,0.0,-3.66
1997-01-12,,,18.89,0.1,0.0,-1.2
1997-01-13,,,19.38,0.12,0.03,-0.64
1997-01-14,,,19.92,0.15,0.09,-0.91
1997-01-15,,,20.14,0.11,0.06,-1.49
1997-01-16,,,20.76,0.2,0.0,-0.2
1997-01-17,,,22.98,0.25,0.12,2.63
1997-01-18,,,24.75,0.24,8.49,-0.73
1997-01-19,,,24.84,0.08,0.15,0.98
1997-01-20,,,26.56,0.25,2.12,1.66
1997-01-21,,,28.17,0.36,2.25,1.61
1997-01-22,,,30.95,0.32,0.09,4.76
1997-01-23,,,33.28,0.22,0.18,5.03
1997-01-24,,,34.77,0.36,0.95,4.46
1997-01-25,,,34.91,0.32,1.26,2.26
1997-01-26,,,34.58,0.11,1.01,1.89
1997-01-27,,,33.51,0.13,0.07,2.4
1997-01-28,,,32.29,0.32,0.01,0.59
1997-01-29,,,31.94,0.28,4.29,-2.97
1997-01-30,,,31.07,0.06,0.23,0.15
1997-01-31,,,30.54,0.07,0.08,0.99
1997-02-01,70.5,28.788,30.35,0.12,0.01,3.21
1997-02-02,65.0,28.912,29.19,0.38,0.05,2.39
1997-02-03,65.333,29.35,28.28,0.21,0.27,3.16
1997-02-04,68.583,29.027,27.15,0.35,0.49,-0.06
1997-02-05,62.5,29.309,26.04,0.09,0.01,-0.33
1997-02-06,47.083,31.487,24.99,0.23,0.0,-0.83
1997-02-07,58.333,31.397,24.61,0.33,0.0,0.83
1997-02-08,52.583,31.935,24.9,0.68,0.0,1.92
1997-02-09,69.833,30.92,24.92,0.52,0.0,0.84
1997-02-10,67.25,30.025,25.01,0.49,0.0,1.54
1997-02-11,57.75,30.002,25.03,0.5,0.0,3.0
1997-02-12,45.5,31.575,24.65,0.47,0.1,4.7
1997-02-13,62.5,31.688,24.48,0.39,0.0,4.88
1997-02-14,67.25,30.855,24.5,0.71,0.04,4.17
1997-02-15,60.5,27.783,26.45,0.63,2.42,5.45
1997-02-16,77.0,26.06,26.6,0.55,1.5,-1.19
1997-02-17,74.833,26.112,27.68,0.96,1.57,3.4
1997-02-18,51.25,26.747,26.38,0.42,0.0,2.22
1997-02-19,54.833,27.343,25.38,0.47,0.04,1.07
1997-02-20,64.0,27.013,24.78,0.82,0.0,2.63
1997-02-21,63.667,26.977,24.54,0.68,0.0,3.55
1997-02-22,60.083,29.785,24.04,0.52,0.0,2.53
1997-02-23,61.083,29.593,24.69,0.77,0.0,5.91
1997-02-24,61.917,29.2,24.43,0.59,0.38,2.7
1997-02-25,61.0,28.106,25.4,0.74,0.01,5.87
1997-02-26,60.667,26.887,28.28,1.25,0.0,8.22
1997-02-27,56.417,26.09,27.6,1.16,0.05,4.13
1997-02-28,50.083,26.088,27.34,1.18,0.0,3.27
1997-03-01,50.917,26.052,29.87,1.85,0.0,6.59
1997-03-02,48.833,26.099,30.34,1.04,0.04,6.86
1997-03-03,36.917,27.54,31.87,1.1,0.0,5.99
1997-03-04,47.25,27.768,35.37,1.3,0.0,8.11
1997-03-05,50.0,27.865,37.59,1.38,0.0,7.41
1997-03-06,50.0,28.03,34.99,0.88,0.04,5.65
1997-03-07,49.833,28.12,34.09,0.91,0.63,4.12
1997-03-08,48.167,29.122,32.87,1.2,0.0,3.32
1997-03-09,50.917,29.18,32.38,1.4,0.0,4.37
1997-03-10,59.917,28.332,32.79,1.69,0.0,4.76
1997-03-11,48.25,28.683,33.69,1.71,0.0,5.1
1997-03-12,51.5,28.548,34.6,1.78,0.0,6.29
1997-03-13,56.167,28.01,33.69,1.69,0.0,5.03
1997-03-14,47.25,28.472,33.3,1.67,0.0,5.51
1997-03-15,50.083,28.732,32.17,1.52,0.87,4.99
1997-03-16,50.167,28.948,31.32,1.37,0.14,4.47
1997-03-17,41.833,29.808,31.97,2.05,0.0,6.12
1997-03-18,51.083,29.883,33.64,2.46,0.0,7.8
1997-03-19,52.333,29.765,32.85,2.1,0.0,7.86
1997-03-20,55.667,29.353,31.27,1.81,0.0,4.2
1997-03-21,52.833,28.942,29.65,1.33,0.0,1.46
1997-03-22,61.167,27.748,28.48,1.97,0.0,3.05
1997-03-23,50.25,27.757,27.65,1.83,0.0,3.84
1997-03-24,32.333,29.4,27.67,2.09,0.0,4.92
1997-03-25,48.0,29.545,30.0,1.52,6.79,4.78
1997-03-26,58.25,28.71,29.81,1.01,0.81,1.62
1997-03-27,50.083,28.567,28.8,1.93,0.01,3.02
1997-03-28,49.5,28.34,28.55,2.36,0.0,5.96
1997-03-29,35.333,29.672,28.51,1.6,2.09,5.04
1997-03-30,58.5,28.72,27.29,2.16,0.0,1.42
1997-03-31,32.583,30.045,26.06,2.15,0.0,2.14
1997-04-01,50.083,29.968,25.46,2.2,0.0,4.42
1997-04-02,50.417,28.388,25.11,2.21,0.0,5.15
1997-04-03,43.917,26.985,24.94,2.44,0.0,6.34
1997-04-04,42.5,26.38,24.78,2.54,0.05,7.27
1997-04-05,36.5,26.525,23.86,2.05,0.0,3.84
1997-04-06,32.5,28.098,23.03,2.6,0.0,3.73
1997-04-07,48.0,27.873,27.03,2.98,0.0,7.03
1997-04-08,38.25,28.016,54.82,2.44,15.81,8.28
1997-04-09,51.667,26.851,50.04,1.93,0.0,4.37
1997-04-10,47.917,26.688,40.85,2.91,0.0,4.29
1997-04-11,46.25,27.287,38.61,2.86,0.0,5.99
1997-04-12,39.167,28.043,37.64,3.21,0.0,6.74
1997-04-13,50.917,28.28,36.0,2.93,0.0,5.1
1997-04-14,39.25,29.476,34.65,2.87,0.0,4.48
1997-04-15,43.5,30.482,34.24,3.09,0.38,6.36
1997-04-16,60.083,29.902,33.68,3.47,0.01,7.0
1997-04-17,60.667,29.338,33.3,3.18,0.0,6.36
1997-04-18,58.917,28.657,37.02,2.2,6.09,5.79
1997-04-19,77.667,26.358,49.87,1.66,10.78,4.04
1997-04-20,50.833,26.897,50.02,1.32,10.58,5.13
1997-04-21,40.25,28.073,46.55,1.3,2.83,1.49
1997-04-22,64.083,26.871,43.58,2.84,0.01,1.08
1997-04-23,53.5,26.598,41.36,2.59,0.0,1.2
1997-04-24,48.583,27.093,39.98,2.83,0.0,3.16
1997-04-25,53.833,26.769,39.93,3.54,0.0,7.22
1997-04-26,40.667,27.75,40.57,2.99,0.02,9.54
1997-04-27,37.083,29.035,43.22,2.37,5.4,10.59
1997-04-28,39.667,29.82,46.33,2.35,7.34,8.3
1997-04-29,57.917,29.33,47.89,2.27,6.19,10.33
1997-04-30,56.75,28.753,46.22,2.95,0.13,7.63
1997-05-01,52.667,28.56,44.09,2.85,0.0,5.93
1997-05-02,39.0,29.79,43.57,4.2,0.0,8.44
1997-05-03,51.25,29.92,43.83,4.63,0.0,10.51
1997-05-04,61.917,29.113,43.64,2.97,0.17,12.98
1997-05-05,30.5,31.087,46.0,3.27,5.36,12.72
1997-05-06,58.75,30.616,45.97,2.75,2.43,8.15
1997-05-07,65.917,29.442,44.07,2.52,0.04,2.94
1997-05-08,55.25,28.998,42.7,1.53,9.58,0.53
1997-05-09,67.167,27.46,41.73,2.43,0.13,2.38
1997-05-10,46.0,27.912,42.58,2.17,0.0,5.72
1997-05-11,36.167,29.27,43.36,3.31,0.04,9.05
1997-05-12,50.5,29.248,48.31,2.21,4.75,8.83
1997-05-13,65.5,27.787,59.54,1.83,15.55,7.26
1997-05-14,48.833,27.782,59.86,2.23,0.51,9.13
1997-05-15,46.5,28.105,59.01,1.97,0.0,8.56
1997-05-16,41.0,28.925,58.05,1.89,1.42,9.1
1997-05-17,40.167,29.017,57.92,2.69,5.02,10.69
1997-05-18,34.333,30.481,58.39,2.18,9.13,7.42
1997-05-19,71.0,28.799,58.28,4.03,0.02,10.58
1997-05-20,70.083,28.308,57.83,3.03,0.01,11.0
1997-05-21,59.0,27.86,57.11,2.65,0.09,9.21
1997-05-22,47.917,27.995,56.18,2.25,0.88,8.27
1997-05-23,47.167,28.222,55.03,2.52,0.0,8.87
1997-05-24,48.417,27.755,53.84,3.63,0.03,13.07
1997-05-25,43.083,28.313,52.63,2.2,0.66,10.83
1997-05-26,54.583,27.787,51.37,3.07,1.74,11.45
1997-05-27,48.75,27.782,46.35,4.75,0.02,13.78
1997-05-28,34.833,28.073,44.35,5.33,0.0,14.96
1997-05-29,33.583,28.537,53.0,4.2,5.17,14.99
1997-05-30,39.917,28.525,53.47,4.0,9.42,13.52
1997-05-31,39.25,28.67,52.39,4.21,0.27,14.27
1997-06-01,42.333,28.4,51.7,2.43,3.03,10.81
1997-06-02,44.833,27.92,50.94,1.91,2.29,8.43
1997-06-03,33.333,28.628,50.05,2.83,0.52,10.2
1997-06-04,46.917,27.988,49.33,3.05,0.17,11.27
1997-06-05,35.583,28.513,49.78,2.16,9.31,10.62
1997-06-06,41.417,28.588,49.33,2.76,0.03,10.49
1997-06-07,37.583,28.957,48.54,5.21,0.0,15.59
1997-06-08,66.5,27.246,46.82,3.13,0.19,13.31
1997-06-09,68.917,26.987,38.91,4.09,0.0,13.24
1997-06-10,36.5,28.235,36.29,4.91,0.0,15.42
1997-06-11,52.417,27.858,34.36,2.65,0.12,13.41
1997-06-12,45.417,28.005,32.45,4.21,0.0,15.35
1997-06-13,39.0,28.73,30.67,4.08,0.09,16.17
1997-06-14,40.5,28.768,29.22,3.91,0.43,15.75
1997-06-15,56.333,28.022,28.15,2.72,2.2,12.63
1997-06-16,49.25,28.533,27.01,4.19,0.46,14.72
1997-06-17,50.583,27.817,26.87,2.29,1.23,11.37
1997-06-18,35.75,28.085,27.94,2.2,3.76,10.33
1997-06-19,43.0,27.767,27.26,2.07,1.33,10.12
1997-06-20,32.083,28.555,25.89,2.82,0.03,9.43
1997-06-21,34.417,28.96,24.46,4.42,0.0,11.88
1997-06-22,49.25,27.96,23.73,2.78,1.35,11.63
1997-06-23,40.083,27.955,22.98,3.24,0.26,8.71
1997-06-24,30.0,29.108,21.8,3.66,0.08,9.6
1997-06-25,31.25,29.037,20.81,3.58,0.25,9.12
1997-06-26,45.0,28.372,19.82,4.17,0.0,13.56
1997-06-27,43.583,27.597,19.81,2.44,2.78,9.28
1997-06-28,30.0,28.367,24.39,2.85,0.05,7.13
1997-06-29,49.5,27.625,33.42,1.74,19.39,5.25
1997-06-30,24.583,29.335,31.59,2.21,0.69,5.21
1997-07-01,51.167,28.258,30.28,3.39,0.1,8.62
1997-07-02,31.833,29.155,31.23,3.04,4.77,10.96
1997-07-03,42.167,29.535,32.5,2.47,4.09,8.5
1997-07-04,53.583,28.293,33.72,2.59,3.5,8.83
1997-07-05,38.833,28.483,36.2,2.53,6.14,8.01
1997-07-06,45.667,27.878,35.68,2.88,0.79,9.05
1997-07-07,21.333,28.215,33.62,3.83,0.0,9.73
1997-07-08,36.417,28.582,31.65,5.13,0.0,12.19
1997-07-09,41.333,28.373,30.17,5.15,0.0,13.53
1997-07-10,42.583,28.25,31.39,3.03,2.36,12.75
1997-07-11,18.667,28.977,32.99,2.4,3.71,11.73
1997-07-12,48.0,28.448,30.57,2.71,0.01,11.2
1997-07-13,45.75,27.948,28.59,5.16,0.0,14.61
1997-07-14,24.083,29.858,27.07,4.43,0.0,16.04
1997-07-15,56.083,28.19,25.63,3.78,0.0,16.84
1997-07-16,34.5,28.36,24.2,3.27,0.0,16.83
1997-07-17,30.333,28.967,22.9,3.28,0.06,15.54
1997-07-18,44.833,28.36,21.61,2.46,0.09,10.77
1997-07-19,42.75,28.01,20.36,3.72,0.0,12.2
1997-07-20,37.5,27.965,19.2,3.93,0.0,11.35
1997-07-21,14.0,29.74,18.24,4.16,0.0,13.11
1997-07-22,56.083,28.168,20.39,3.92,3.48,15.04
1997-07-23,36.083,28.93,21.24,3.8,1.13,16.1
1997-07-24,46.917,27.955,23.4,3.91,1.26,16.29
1997-07-25,35.333,28.12,23.81,2.58,5.26,12.16
1997-07-26,38.25,28.162,21.65,3.87,0.0,14.6
1997-07-27,28.75,28.65,20.27,3.13,0.0,15.28
1997-07-28,16.333,28.89,19.11,3.83,0.0,16.85
1997-07-29,31.833,29.05,20.63,4.8,4.33,16.9
1997-07-30,39.833,28.408,22.51,4.15,1.84,17.77
1997-07-31,26.75,28.6,22.18,3.88,2.41,16.29
1997-08-01,23.75,28.65,20.69,3.9,0.01,15.9
1997-08-02,22.833,29.067,19.36,3.96,0.0,14.17
1997-08-03,39.417,27.685,18.18,5.43,0.0,16.11
1997-08-04,1.667,28.555,17.57,5.66,0.93,19.24
1997-08-05,21.75,28.985,19.75,3.77,4.16,19.7
1997-08-06,40.0,28.227,25.3,2.38,2.26,15.32
1997-08-07,28.667,27.787,29.51,2.56,9.34,14.34
1997-08-08,24.083,28.233,27.14,3.53,0.02,15.04
1997-08-09,16.167,29.73,25.26,3.1,0.18,16.32
1997-08-10,36.667,29.002,27.45,4.83,0.0,19.19
1997-08-11,3.083,29.417,47.44,3.83,24.53,18.07
1997-08-12,37.167,28.777,49.4,2.16,5.77,12.01
1997-08-13,39.583,28.037,48.64,4.81,0.0,15.89
1997-08-14,45.0,27.515,41.02,4.86,0.0,16.32
1997-08-15,34.167,28.147,37.06,4.95,0.0,17.62
1997-08-16,36.0,28.478,36.12,3.52,0.56,16.97
1997-08-17,36.0,28.78,45.2,2.65,4.17,15.47
1997-08-18,37.333,28.71,47.98,3.52,11.23,16.57
1997-08-19,50.333,28.018,47.57,2.88,4.15,15.68
1997-08-20,32.25,28.925,48.74,4.57,1.06,16.65
1997-08-21,36.333,29.453,51.3,3.85,16.48,18.24
1997-08-22,50.833,28.53,51.35,3.16,0.01,16.46
1997-08-23,48.0,27.79,51.0,4.26,2.67,17.22
1997-08-24,37.333,28.113,50.28,4.37,0.08,16.88
1997-08-25,40.5,28.078,49.43,4.0,0.0,17.17
1997-08-26,36.167,28.56,48.4,2.04,3.84,14.31
1997-08-27,48.333,28.093,47.44,2.32,0.94,13.96
1997-08-28,40.245,27.853,46.53,2.79,3.73,13.69
1997-08-29,33.083,28.505,45.7,2.39,0.83,9.31
1997-08-30,45.167,28.063,44.42,2.65,0.0,10.23
1997-08-31,46.667,27.405,37.05,3.98,0.0,13.73
1997-09-01,41.083,27.325,36.14,3.85,0.02,17.36
1997-09-02,22.417,29.425,43.61,1.41,10.49,10.26
1997-09-03,48.667,28.898,40.78,1.99,0.12,9.52
1997-09-04,45.0,28.54,34.46,3.43,0.0,10.9
1997-09-05,44.083,28.498,32.27,3.61,0.0,12.81
1997-09-06,33.5,28.058,30.55,3.96,0.0,16.4
1997-09-07,27.25,28.4,28.97,2.07,0.02,14.16
1997-09-08,19.333,28.84,27.42,2.08,0.0,14.43
1997-09-09,22.667,28.813,26.73,2.64,1.24,12.81
1997-09-10,19.736,28.485,25.3,3.1,0.01,12.94
1997-09-11,27.463,28.18,23.85,3.5,0.0,13.88
1997-09-12,23.417,27.85,22.6,3.68,0.0,16.36
1997-09-13,16.833,27.895,21.58,2.41,0.1,14.49
1997-09-14,13.75,28.418,21.06,1.31,0.98,9.66
1997-09-15,2.5,28.662,20.13,1.56,0.05,8.14
1997-09-16,29.167,28.025,18.99,1.83,0.09,9.66
1997-09-17,19.333,28.042,17.9,2.8,0.02,12.5
1997-09-18,13.75,28.758,16.9,2.85,0.0,12.23
1997-09-19,31.333,27.927,15.98,2.91,0.0,13.22
1997-09-20,14.167,28.713,16.2,2.83,0.0,13.16
1997-09-21,24.75,27.995,18.89,1.99,4.3,12.16
1997-09-22,1.75,28.272,17.65,1.84,0.71,11.82
1997-09-23,20.417,28.325,16.83,1.83,0.8,12.17
1997-09-24,14.833,28.575,15.91,2.01,0.01,12.46
1997-09-25,23.333,28.345,15.17,2.43,0.23,13.1
1997-09-26,16.25,28.87,14.49,1.59,0.19,11.15
1997-09-27,19.333,29.195,13.72,2.23,0.04,11.71
1997-09-28,21.167,29.165,13.04,2.33,0.0,12.04
1997-09-29,2.417,29.453,12.44,1.62,0.25,13.22
1997-09-30,18.333,29.565,11.9,1.85,0.08,12.93
1997-10-01,20.167,29.43,11.21,2.22,0.0,13.33
1997-10-02,2.083,30.9,10.6,2.37,0.0,13.64
1997-10-03,24.833,30.108,10.36,2.22,0.0,12.66
1997-10-04,22.5,29.837,10.34,2.07,0.0,12.0
1997-10-05,15.583,29.615,10.34,2.07,0.0,12.89
1997-10-06,1.167,29.9,10.36,1.94,0.26,14.27
1997-10-07,14.0,29.97,10.35,1.03,0.84,10.57
1997-10-08,13.917,29.49,10.32,1.32,0.01,12.47
1997-10-09,12.75,29.04,10.3,1.86,0.0,12.59
1997-10-10,9.667,28.948,10.29,2.1,0.0,13.63
1997-10-11,6.333,29.105,10.27,1.52,0.01,15.95
1997-10-12,9.167,28.745,10.24,1.46,0.13,14.24
1997-10-13,0.333,29.047,10.25,1.4,0.26,8.42
1997-10-14,4.667,29.317,10.28,1.06,0.12,5.47
1997-10-15,11.417,28.973,10.31,0.71,0.06,2.39
1997-10-16,5.167,29.11,10.3,0.69,3.26,5.71
1997-10-17,6.917,29.112,10.28,0.8,0.02,8.58
1997-10-18,5.5,29.207,10.27,1.3,0.0,9.13
1997-10-19,0.0,29.972,10.28,1.35,0.0,11.86
1997-10-20,0.667,30.212,10.29,0.79,0.0,10.56
1997-10-21,8.25,30.103,10.27,0.79,0.36,10.55
1997-10-22,10.75,29.793,10.29,0.89,0.0,12.29
1997-10-23,7.333,29.71,10.46,0.73,0.35,10.48
1997-10-24,0.75,29.703,10.39,0.63,1.37,8.64
1997-10-25,8.417,29.655,10.33,0.58,0.01,6.13
1997-10-26,1.833,30.068,10.33,0.84,0.14,5.97
1997-10-27,0.917,30.353,10.32,0.58,0.0,8.28
1997-10-28,10.667,30.051,10.45,0.53,0.39,8.74
1997-10-29,6.417,29.97,10.43,0.39,0.63,4.46
1997-10-30,0.417,30.18,10.37,0.26,0.0,0.71
1997-10-31,4.833,30.075,10.35,0.33,0.14,-0.06
1997-11-01,2.75,30.148,10.33,0.17,0.01,-0.45
1997-11-02,0.0,30.363,10.3,0.25,0.0,2.58
1997-11-03,0.5,30.495,10.53,0.47,0.13,4.27
1997-11-04,6.25,30.428,10.59,0.25,3.35,7.21
1997-11-05,8.917,30.308,11.22,0.42,0.12,8.06
1997-11-06,7.833,30.537,24.06,0.47,16.96,6.29
1997-11-07,6.25,30.917,30.66,0.42,21.71,3.46
1997-11-08,8.25,30.724,31.19,0.11,0.37,4.55
1997-11-09,0.0,31.441,31.17,0.3,3.55,6.43
1997-11-10,0.667,31.552,30.95,0.19,0.48,2.9
1997-11-11,9.833,31.398,30.98,0.22,1.81,3.04
1997-11-12,29.75,30.658,30.82,0.25,4.79,0.96
1997-11-13,27.083,29.88,30.44,0.16,0.37,-0.3
1997-11-14,27.917,28.723,29.98,0.17,0.46,2.51
1997-11-15,27.167,28.063,29.47,0.17,0.33,2.11
1997-11-16,26.583,27.81,28.94,0.15,0.51,3.73
1997-11-17,2.083,28.282,28.43,0.21,0.33,4.69
1997-11-18,24.5,27.438,27.92,0.17,0.1,6.44
1997-11-19,19.25,27.53,27.4,0.35,0.91,5.75
1997-11-20,21.25,27.725,26.57,0.17,0.14,2.47
1997-11-21,14.5,28.598,22.21,0.15,0.09,0.91
1997-11-22,30.833,27.86,20.58,0.09,0.05,1.87
1997-11-23,26.583,27.367,19.48,0.24,0.26,-0.43
1997-11-24,2.083,27.973,18.6,0.1,0.42,0.5
1997-11-25,25.667,27.65,18.77,0.66,1.22,4.79
1997-11-26,32.5,27.488,19.88,0.2,3.41,4.2
1997-11-27,27.833,28.075,19.66,0.25,0.43,4.03
1997-11-28,36.083,27.615,18.82,0.05,0.23,3.19
1997-11-29,27.167,27.935,19.07,0.24,4.75,3.92
1997-11-30,37.25,27.237,21.24,0.1,6.95,3.72
1997-12-01,8.083,27.455,25.31,0.35,8.8,2.21
1997-12-02,20.167,27.738,25.65,0.35,1.72,3.86
1997-12-03,22.417,27.797,25.59,0.42,14.1,2.52
1997-12-04,26.167,27.6,25.65,0.25,1.93,-4.13
1997-12-05,18.167,28.097,25.48,0.18,2.22,-6.17
1997-12-06,28.417,27.56,25.11,0.08,0.08,-7.21
1997-12-07,0.0,28.017,24.65,0.1,0.0,-4.64
1997-12-08,0.0,28.238,24.25,0.18,0.21,-0.21
1997-12-09,2.167,28.485,23.98,0.18,1.49,2.0
1997-12-10,25.333,27.902,23.64,0.01,0.15,0.93
1997-12-11,18.167,28.152,23.51,0.21,3.82,3.83
1997-12-12,20.25,28.15,23.92,0.04,7.78,5.1
1997-12-13,21.917,27.895,24.67,0.17,7.02,-0.87
1997-12-14,9.167,28.74,25.24,0.11,0.02,-2.95
1997-12-15,2.833,28.86,25.58,0.28,0.0,-0.11
1997-12-16,33.25,27.74,26.97,0.06,0.56,-3.06
1997-12-17,24.583,27.627,30.33,0.16,13.05,-3.14
1997-12-18,29.083,29.176,39.35,0.62,23.83,7.66
1997-12-19,143.583,33.2,43.72,0.15,16.81,2.53
1997-12-20,291.333,33.2,46.1,0.07,4.32,1.99
1997-12-21,149.417,33.2,47.68,0.16,2.58,1.83
1997-12-22,119.333,33.068,48.69,0.14,1.69,0.25
1997-12-23,99.667,31.468,49.27,0.14,1.83,3.44
1997-12-24,83.5,29.813,49.53,0.04,1.18,1.5
1997-12-25,66.083,29.895,49.57,0.21,2.15,4.17
1997-12-26,55.583,29.207,49.64,0.08,1.38,5.68
1997-12-27,51.083,28.407,49.58,0.17,1.45,0.67
1997-12-28,51.5,29.58,49.21,0.21,0.8,-0.3
1997-12-29,46.917,29.342,48.55,0.05,0.47,-1.36
1997-12-30,55.667,27.928,47.81,0.16,1.6,1.13
1997-12-31,41.083,27.735,47.66,0.08,2.05,1.14
1998-01-01,39.583,27.411,48.31,0.21,6.52,0.33
1998-01-02,15.833,30.462,46.91,0.14,3.09,-0.91
1998-01-03,48.583,30.045,45.69,0.21,0.96,2.32
1998-01-04,63.167,30.162,44.66,0.19,0.76,6.16
1998-01-05,34.0,30.728,43.72,0.18,0.39,2.78
1998-01-06,55.333,29.468,42.72,0.03,0.08,0.62
1998-01-07,47.667,29.09,39.94,0.14,0.14,0.59
1998-01-08,43.083,28.93,34.16,0.04,0.08,-0.23
1998-01-09,33.417,29.623,32.89,0.19,0.1,2.19
1998-01-10,37.75,30.032,31.75,0.4,0.07,2.73
1998-01-11,35.167,30.657,30.21,0.35,0.07,1.83
1998-01-12,38.333,31.21,28.66,0.25,0.09,0.69
1998-01-13,53.167,30.372,36.01,0.23,4.6,6.33
1998-01-14,53.833,29.647,36.51,0.1,3.77,3.98
1998-01-15,41.333,29.925,31.34,0.24,0.77,-1.8
1998-01-16,45.0,29.632,29.63,0.26,0.41,1.12
1998-01-17,44.5,29.465,28.09,0.47,0.27,1.01
1998-01-18,39.25,29.745,26.85,0.27,0.33,0.49
1998-01-19,43.75,29.657,25.6,0.33,0.07,2.26
1998-01-20,58.167,28.382,26.17,0.45,3.59,4.64
1998-01-21,8.667,31.541,26.54,0.47,3.12,-3.81
1998-01-22,49.0,30.956,24.54,0.31,0.07,-5.38
1998-01-23,48.667,30.407,23.03,0.2,0.0,-5.51
1998-01-24,45.083,29.703,21.72,0.19,0.0,-3.74
1998-01-25,46.583,29.637,20.54,0.29,0.0,-1.69
1998-01-26,53.417,29.718,19.43,0.25,0.27,-6.71
1998-01-27,56.833,28.485,18.49,0.12,0.27,-4.18
1998-01-28,43.667,28.575,17.92,0.14,0.82,-1.91
1998-01-29,38.667,29.107,17.31,0.05,0.17,-1.71
1998-01-30,26.917,30.631,16.67,0.1,0.06,0.12
1998-01-31,58.833,29.57,16.14,0.11,0.4,-0.03
1998-02-01,55.25,28.763,15.51,0.12,0.17,-0.17
1998-02-02,38.333,29.422,15.28,0.13,0.04,1.27
1998-02-03,62.583,27.907,15.89,0.31,4.03,1.09
1998-02-04,46.167,27.942,15.76,0.34,3.89,1.36
1998-02-05,36.667,28.715,15.21,0.37,0.25,0.99
1998-02-06,36.167,29.472,14.49,0.16,0.1,-2.85
1998-02-07,69.333,27.495,13.88,0.19,0.04,-1.98
1998-02-08,49.5,27.32,13.45,0.18,0.07,-1.06
1998-02-09,34.5,28.385,13.44,0.36,0.01,0.4
1998-02-10,50.0,28.052,13.74,0.38,0.0,1.92
1998-02-11,40.25,28.578,14.11,0.65,0.0,2.81
1998-02-12,53.417,27.986,14.44,0.57,0.0,3.19
1998-02-13,46.583,27.848,14.95,0.58,0.0,3.32
1998-02-14,42.417,28.043,15.81,0.54,0.0,3.96
1998-02-15,46.583,28.1,17.12,0.65,0.0,4.91
1998-02-16,43.333,28.343,18.72,0.65,0.0,4.64
1998-02-17,56.75,27.413,19.31,0.46,0.0,4.24
1998-02-18,43.417,27.647,18.6,0.43,0.0,-0.17
1998-02-19,47.583,27.534,23.17,1.01,0.0,5.32
1998-02-20,43.25,27.802,23.85,0.96,4.83,5.4
1998-02-21,46.25,27.808,22.11,0.94,0.0,6.0
1998-02-22,46.833,27.755,20.98,0.67,0.76,3.72
1998-02-23,25.917,29.704,19.85,0.73,1.03,-0.24
1998-02-24,57.083,28.762,18.83,0.77,0.61,-0.92
1998-02-25,47.5,28.735,17.98,0.64,0.01,-1.18
1998-02-26,53.25,28.172,17.31,0.86,0.03,1.0
1998-02-27,55.167,27.433,17.15,1.12,0.0,2.82
1998-02-28,45.667,27.606,16.77,1.05,0.0,2.23
1998-03-01,41.667,27.96,16.08,0.79,0.0,3.64
1998-03-02,39.25,28.693,15.32,0.73,0.0,2.61
1998-03-03,51.583,28.235,14.63,0.69,0.0,1.34
1998-03-04,36.0,27.74,15.5,1.48,0.0,7.15
1998-03-05,33.167,28.03,16.39,1.04,0.09,8.38
1998-03-06,2.333,31.212,15.99,0.88,0.12,3.03
1998-03-07,6.667,31.054,16.31,1.48,0.0,6.44
1998-03-08,15.5,30.281,16.05,1.03,0.0,6.18
1998-03-09,33.0,30.953,15.91,1.58,1.15,5.88
1998-03-10,44.083,30.966,16.12,1.05,4.91,-0.78
1998-03-11,44.167,30.788,15.84,1.13,0.05,3.25
1998-03-12,36.333,30.49,15.64,0.9,3.44,0.78
1998-03-13,52.667,29.617,15.33,0.95,5.36,-1.36
1998-03-14,68.083,27.332,14.82,1.01,0.0,-2.12
1998-03-15,35.667,28.09,14.54,1.04,0.0,0.3
1998-03-16,34.417,28.843,14.62,1.66,0.0,2.22
1998-03-17,59.333,27.477,15.01,1.7,0.0,3.66
1998-03-18,41.75,27.731,15.82,1.86,0.0,4.96
1998-03-19,49.498,27.429,16.51,1.93,0.0,4.84
1998-03-20,44.483,28.726,17.0,1.9,0.0,5.35
1998-03-21,48.25,27.484,16.96,1.88,0.0,3.59
1998-03-22,29.917,28.87,16.61,1.94,0.0,3.23
1998-03-23,42.0,28.956,16.27,1.55,0.0,3.25
1998-03-24,62.417,27.532,15.98,1.4,0.0,4.3
1998-03-25,46.0,28.064,15.25,1.07,0.0,-1.6
1998-03-26,56.5,27.672,14.57,2.03,0.0,3.22
1998-03-27,51.0,27.703,14.48,1.85,0.0,4.07
1998-03-28,51.167,27.721,15.53,2.35,0.0,8.28
1998-03-29,50.083,27.743,16.24,1.72,0.0,7.43
1998-03-30,21.25,30.284,18.08,1.37,3.57,7.2
1998-03-31,58.0,29.887,19.08,1.06,0.94,4.86
1998-04-01,68.083,28.604,21.84,2.01,5.18,8.16
1998-04-02,57.0,28.258,23.24,1.91,0.55,7.1
1998-04-03,45.333,28.896,23.14,1.53,0.19,7.71
1998-04-04,40.5,29.962,24.15,2.38,0.45,9.13
1998-04-05,64.583,29.058,23.66,1.64,0.13,4.49
1998-04-06,32.083,30.787,22.63,1.16,1.52,0.72
1998-04-07,85.25,28.348,22.79,1.98,0.9,5.95
1998-04-08,55.083,28.445,22.75,1.67,1.74,2.77
1998-04-09,56.833,28.547,22.01,1.5,0.94,1.57
1998-04-10,63.417,28.023,21.07,1.42,1.05,0.28
1998-04-11,36.417,29.863,20.05,1.44,2.24,-0.58
1998-04-12,51.667,30.403,19.28,1.87,0.71,0.1
1998-04-13,50.0,31.003,18.46,1.79,0.36,-1.24
1998-04-14,71.417,29.903,17.98,1.59,0.78,-2.83
1998-04-15,63.167,29.593,34.6,2.22,14.39,3.37
1998-04-16,43.333,30.851,32.01,1.23,6.09,-0.92
1998-04-17,48.833,32.032,29.14,1.64,2.69,3.03
1998-04-18,68.25,30.329,27.23,1.66,0.99,0.71
1998-04-19,57.167,29.662,25.62,1.82,0.05,-0.41
1998-04-20,27.583,30.913,25.93,2.08,0.0,4.4
1998-04-21,44.917,31.147,27.45,1.97,0.2,6.07
1998-04-22,44.667,30.933,29.07,3.51,0.0,7.7
1998-04-23,50.333,30.118,29.48,2.67,0.28,8.95
1998-04-24,33.25,30.41,28.5,2.21,0.03,8.31
1998-04-25,45.833,30.235,28.32,2.81,0.0,8.47
1998-04-26,34.333,30.662,35.49,4.19,0.13,13.07
1998-04-27,48.333,29.931,43.85,1.54,31.86,4.09
1998-04-28,43.167,29.978,44.41,2.05,1.66,1.72
1998-04-29,64.5,28.013,45.16,2.36,0.29,5.57
1998-04-30,36.75,28.451,45.36,1.81,7.93,4.69
1998-05-01,33.083,29.34,45.51,2.13,3.02,4.64
1998-05-02,23.417,29.405,45.64,1.88,1.66,3.94
1998-05-03,28.25,30.117,45.53,1.74,3.28,4.72
1998-05-04,33.083,30.052,45.06,1.67,0.71,4.32
1998-05-05,55.25,29.643,44.3,0.98,0.14,1.93
1998-05-06,46.833,29.716,43.44,2.32,0.0,5.41
1998-05-07,45.917,30.187,42.48,2.71,0.0,6.05
1998-05-08,54.333,29.83,41.77,4.33,0.0,9.85
1998-05-09,36.5,29.991,41.24,3.36,0.0,9.86
1998-05-10,42.667,30.545,40.87,4.21,0.0,10.56
1998-05-11,51.167,30.399,40.67,3.61,0.0,13.22
1998-05-12,63.0,29.392,40.53,2.54,0.0,11.0
1998-05-13,52.083,29.254,40.41,1.84,2.36,8.64
1998-05-14,51.25,28.645,40.43,2.71,1.31,10.82
1998-05-15,31.167,28.849,40.46,2.6,0.8,11.42
1998-05-16,23.333,30.51,40.47,2.45,1.37,10.73
1998-05-17,38.667,30.69,40.24,2.5,0.29,9.03
1998-05-18,46.667,30.29,39.87,3.59,0.0,9.87
1998-05-19,53.5,30.693,39.95,4.54,0.0,11.25
1998-05-20,47.583,30.283,41.3,3.47,9.87,12.18
1998-05-21,44.0,30.237,42.08,2.48,3.55,8.65
1998-05-22,53.167,29.508,42.26,2.76,2.48,10.16
1998-05-23,33.0,30.37,42.21,3.79,0.02,12.0
1998-05-24,33.333,30.397,42.83,2.61,0.33,10.18
1998-05-25,39.75,30.536,42.58,2.96,4.34,9.59
1998-05-26,68.333,28.705,42.05,2.54,1.49,9.14
1998-05-27,49.417,28.498,42.53,2.32,2.12,7.91
1998-05-28,41.25,29.412,43.83,1.94,18.95,7.27
1998-05-29,24.333,31.132,44.42,2.03,3.34,5.01
1998-05-30,48.667,30.582,45.84,3.54,3.96,9.99
1998-05-31,35.25,31.59,46.63,2.51,7.46,8.77
1998-06-01,48.75,31.603,47.21,3.26,1.05,10.33
1998-06-02,47.167,31.709,47.56,2.92,0.54,11.92
1998-06-03,60.917,31.157,47.61,2.41,0.62,11.58
1998-06-04,69.417,30.088,47.25,2.41,0.66,11.49
1998-06-05,52.833,30.715,46.8,4.93,0.06,16.32
1998-06-06,62.083,30.528,46.69,3.34,0.58,15.05
1998-06-07,65.25,30.146,46.44,2.11,5.1,11.13
1998-06-08,90.25,28.655,46.36,2.59,3.46,9.58
1998-06-09,91.333,28.53,45.89,4.34,0.16,11.8
1998-06-10,75.583,28.808,45.17,5.58,0.0,16.36
1998-06-11,99.333,27.117,44.21,2.66,0.36,9.74
1998-06-12,49.333,28.04,38.41,3.15,0.3,6.34
1998-06-13,63.167,27.755,34.4,3.16,0.07,5.52
1998-06-14,51.5,28.501,32.92,3.26,0.44,11.14
1998-06-15,28.583,31.1,31.26,2.31,0.0,9.37
1998-06-16,76.917,29.38,29.5,2.5,0.0,8.78
1998-06-17,53.333,29.893,27.75,2.72,0.03,6.73
1998-06-18,46.5,30.649,26.07,4.93,0.0,10.74
1998-06-19,51.75,30.098,24.56,5.83,0.0,14.76
1998-06-20,49.333,30.117,23.15,6.53,0.0,16.77
1998-06-21,51.583,29.322,21.99,6.48,0.0,16.09
1998-06-22,38.5,29.308,20.97,4.7,0.0,16.59
1998-06-23,64.833,27.563,19.89,2.98,0.01,13.05
1998-06-24,50.167,26.894,18.64,3.51,0.0,12.19
1998-06-25,30.667,27.718,17.63,5.18,0.01,15.9
1998-06-26,36.417,27.733,17.04,3.08,1.0,13.74
1998-06-27,19.333,26.995,16.3,2.92,0.0,12.98
1998-06-28,22.833,26.955,15.5,3.48,0.06,15.48
1998-06-29,20.333,27.189,14.77,3.07,0.02,14.57
1998-06-30,14.667,27.913,14.74,3.79,1.63,15.06
1998-07-01,33.0,27.592,14.71,3.13,0.0,14.3
1998-07-02,33.833,28.497,17.59,3.73,6.48,14.34
1998-07-03,43.167,28.563,17.66,4.02,0.01,14.17
1998-07-04,44.0,28.412,16.7,3.54,0.0,12.88
1998-07-05,33.417,28.86,15.72,3.44,0.0,13.48
1998-07-06,38.25,28.6,14.72,4.45,0.0,13.75
1998-07-07,39.417,28.248,15.32,5.72,0.0,17.13
1998-07-08,23.667,29.174,18.03,2.77,6.92,10.22
1998-07-09,42.5,28.59,17.17,3.48,0.04,12.07
1998-07-10,46.667,27.74,16.24,3.69,0.0,13.18
1998-07-11,32.25,28.075,15.29,2.97,0.0,13.47
1998-07-12,33.75,28.258,14.35,3.52,0.0,13.61
1998-07-13,21.833,29.63,13.56,4.47,0.0,15.07
1998-07-14,41.75,29.139,13.84,3.47,1.54,14.12
1998-07-15,37.917,28.633,15.38,3.12,2.33,10.27
1998-07-16,26.333,29.267,14.25,4.28,0.0,10.84
1998-07-17,30.833,29.75,13.33,5.64,0.0,15.59
1998-07-18,39.583,29.322,12.66,4.45,0.0,14.68
1998-07-19,34.5,29.404,11.81,4.65,0.21,17.33
1998-07-20,30.0,28.745,11.0,6.98,0.0,20.85
1998-07-21,39.083,28.333,10.67,7.73,0.0,18.17
1998-07-22,18.833,29.237,10.35,2.58,0.0,13.16
1998-07-23,27.917,29.055,10.21,5.69,0.0,16.06
1998-07-24,27.5,28.657,10.23,5.51,0.0,17.62
1998-07-25,32.583,28.502,10.25,2.36,0.01,12.67
1998-07-26,27.083,28.272,10.24,3.07,0.0,13.52
1998-07-27,16.75,27.96,10.26,4.35,0.01,17.11
1998-07-28,15.5,29.037,10.2,2.38,0.0,11.51
1998-07-29,31.25,28.848,10.19,4.16,0.0,14.79
1998-07-30,24.417,29.432,10.17,4.0,0.0,15.57
1998-07-31,38.917,28.821,10.23,3.87,0.06,16.02
1998-08-01,26.583,29.232,13.76,2.3,5.17,11.87
1998-08-02,21.5,30.028,34.47,1.91,25.54,9.41
1998-08-03,16.333,30.031,37.91,1.94,2.91,8.69
1998-08-04,22.25,30.243,37.29,2.51,1.57,9.2
1998-08-05,45.75,28.828,36.43,3.73,0.81,13.22
1998-08-06,31.083,28.593,30.24,4.04,0.56,13.62
1998-08-07,22.417,28.73,27.7,5.31,0.0,15.37
1998-08-08,36.25,28.768,26.12,5.51,0.19,17.09
1998-08-09,16.333,29.23,24.58,5.84,0.0,18.44
1998-08-10,9.5,29.692,23.33,6.0,0.0,19.66
1998-08-11,15.75,29.883,23.1,5.74,1.58,19.48
1998-08-12,23.25,29.308,22.81,5.54,1.23,19.79
1998-08-13,15.417,29.961,22.96,4.07,0.96,17.81
1998-08-14,20.833,30.149,25.87,2.6,6.56,15.33
1998-08-15,29.25,29.69,27.37,3.66,4.44,16.56
1998-08-16,20.583,29.615,28.22,3.56,4.61,17.62
1998-08-17,16.25,30.051,29.52,3.07,2.45,15.85
1998-08-18,18.917,30.653,29.75,3.78,2.81,17.25
1998-08-19,19.5,31.069,29.31,2.6,2.14,12.94
1998-08-20,35.25,30.451,27.88,3.89,0.23,14.61
1998-08-21,26.167,31.082,26.53,3.24,0.27,14.92
1998-08-22,17.833,31.857,25.1,3.43,0.08,13.41
1998-08-23,27.25,31.699,23.76,3.67,0.0,16.09
1998-08-24,30.917,31.386,22.5,3.12,0.0,15.71
1998-08-25,39.75,30.47,21.32,3.2,0.01,14.38
1998-08-26,25.25,30.633,20.21,2.91,0.0,13.7
1998-08-27,17.25,31.223,19.95,3.24,0.92,15.38
1998-08-28,19.667,31.296,20.94,2.48,2.81,13.26
1998-08-29,16.667,31.657,19.83,3.27,0.02,8.07
1998-08-30,23.417,31.267,18.72,3.61,0.0,10.97
1998-08-31,18.25,30.969,17.61,2.96,0.0,14.78
1998-09-01,31.417,30.5,16.56,4.09,0.0,17.62
1998-09-02,27.583,30.039,15.83,3.62,0.14,17.94
1998-09-03,53.417,27.383,15.76,2.3,0.87,16.52
1998-09-04,24.083,27.369,15.34,2.25,0.01,14.33
1998-09-05,12.833,28.192,14.54,2.3,0.33,13.46
1998-09-06,0.917,28.938,13.76,2.74,0.0,11.54
1998-09-07,11.917,29.62,13.21,4.02,0.0,16.57
1998-09-08,21.0,30.134,13.4,1.59,1.52,9.17
1998-09-09,10.5,30.981,12.73,3.26,0.01,13.29
1998-09-10,16.583,31.309,13.19,3.9,0.0,17.56
1998-09-11,23.0,31.142,21.88,1.87,9.91,13.64
1998-09-12,23.417,30.595,24.02,1.47,6.08,9.35
1998-09-13,25.75,30.453,23.1,1.95,1.3,8.61
1998-09-14,3.417,30.665,22.29,2.04,0.51,8.9
1998-09-15,28.333,30.351,21.29,1.75,0.3,7.81
1998-09-16,10.417,31.133,20.35,2.11,0.02,11.32
1998-09-17,16.5,31.056,19.4,2.06,0.02,11.58
1998-09-18,32.667,29.834,18.4,2.07,0.0,10.47
1998-09-19,29.083,28.902,17.45,2.49,0.0,11.25
1998-09-20,29.667,27.848,16.47,1.93,0.0,10.89
1998-09-21,26.167,28.04,15.59,2.57,0.0,10.67
1998-09-22,27.833,28.043,14.79,1.85,0.0,10.98
1998-09-23,25.5,28.105,14.41,1.84,0.34,11.73
1998-09-24,20.5,28.5,14.76,1.17,1.63,9.12
1998-09-25,25.583,28.642,21.25,1.57,4.54,11.17
1998-09-26,20.833,29.041,38.85,1.33,37.26,11.64
1998-09-27,19.25,29.422,42.19,1.47,1.62,10.7
1998-09-28,22.0,28.662,36.08,1.54,0.25,10.11
1998-09-29,22.083,28.57,31.53,1.21,0.15,8.82
1998-09-30,22.917,28.49,31.58,1.51,6.01,11.28
1998-10-01,22.333,28.828,30.84,1.19,0.38,7.6
1998-10-02,26.5,28.865,29.68,1.19,0.77,6.84
1998-10-03,30.583,28.433,29.09,1.08,1.59,7.12
1998-10-04,15.667,29.13,29.71,1.31,3.26,8.57
1998-10-05,23.917,29.062,30.23,0.59,1.93,5.49
1998-10-06,33.667,28.295,35.1,0.74,9.43,4.87
1998-10-07,30.167,28.093,40.85,0.8,8.12,4.6
1998-10-08,31.833,27.665,40.6,0.94,1.31,4.59
1998-10-09,29.0,27.454,39.9,0.68,1.01,3.58
1998-10-10,19.0,28.155,39.07,0.73,0.74,4.27
1998-10-11,28.833,28.186,38.18,0.79,0.25,6.29
1998-10-12,16.083,29.069,37.27,0.94,0.52,8.97
1998-10-13,17.667,28.382,36.47,1.07,0.59,8.04
1998-10-14,25.417,28.183,31.89,0.92,0.22,6.31
1998-10-15,30.0,28.165,28.6,1.59,0.04,9.43
1998-10-16,29.917,28.921,27.55,1.04,0.0,7.82
1998-10-17,30.0,29.317,26.66,0.83,0.0,9.5
1998-10-18,41.417,28.7,27.63,0.89,1.07,8.68
1998-10-19,45.167,28.365,35.64,0.67,12.6,6.65
1998-10-20,35.333,28.262,36.09,0.53,0.28,2.54
1998-10-21,28.5,27.649,35.44,0.9,0.0,3.29
1998-10-22,32.25,26.738,32.93,0.93,0.22,6.3
1998-10-23,12.917,27.782,28.22,0.96,0.01,7.13
1998-10-24,11.25,28.593,27.16,0.81,0.0,10.0
1998-10-25,5.083,28.768,26.19,0.61,0.0,10.69
1998-10-26,30.083,29.124,24.93,0.63,0.49,6.79
1998-10-27,52.417,28.357,23.83,0.55,0.33,4.4
1998-10-28,45.083,27.885,22.74,0.41,0.02,5.14
1998-10-29,35.0,27.85,21.76,0.69,0.0,5.6
1998-10-30,35.75,28.058,20.69,0.5,0.2,6.68
1998-10-31,43.25,27.978,19.6,0.24,0.01,3.09
1998-11-01,33.167,28.726,18.53,0.5,0.0,4.4
1998-11-02,16.167,29.904,17.64,0.52,0.01,6.99
1998-11-03,49.75,28.83,18.08,0.24,2.31,8.85
1998-11-04,35.5,28.663,20.73,0.42,5.67,6.65
1998-11-05,31.333,29.222,21.33,0.37,1.16,0.33
1998-11-06,46.75,28.83,20.42,0.08,0.0,1.77
1998-11-07,53.917,27.96,19.38,0.06,0.02,-0.69
1998-11-08,40.833,28.14,18.72,0.28,0.04,1.09
1998-11-09,30.667,28.815,18.22,0.27,0.0,3.76
1998-11-10,58.167,27.83,17.7,0.43,0.01,7.51
1998-11-11,37.583,28.472,16.98,0.26,0.87,3.99
1998-11-12,32.417,28.295,16.43,0.22,1.6,1.18
1998-11-13,26.333,28.47,16.11,0.3,0.51,2.56
1998-11-14,29.667,28.61,15.32,0.28,0.15,1.91
1998-11-15,24.333,29.077,14.63,0.21,0.19,3.23
1998-11-16,8.75,30.578,13.9,0.05,0.01,-0.13
1998-11-17,38.917,30.459,13.18,0.02,0.01,-0.74
1998-11-18,36.5,29.502,12.51,0.06,0.01,-0.37
1998-11-19,19.5,30.044,12.04,0.11,0.71,-2.84
1998-11-20,14.417,30.911,11.5,0.05,0.58,-4.26
1998-11-21,19.083,31.503,10.93,0.04,0.01,-5.44
1998-11-22,19.083,31.919,10.43,0.08,0.0,-5.7
1998-11-23,13.0,32.273,10.31,0.08,0.0,-5.91
1998-11-24,54.5,30.215,10.3,0.05,0.0,-5.59
1998-11-25,27.083,30.147,10.3,0.17,0.01,-3.29
1998-11-26,27.583,30.018,10.28,0.21,0.93,-2.15
1998-11-27,23.0,30.225,10.28,0.23,1.19,-1.68
1998-11-28,22.667,30.288,10.28,0.21,2.18,0.84
1998-11-29,18.25,30.38,10.29,0.18,2.55,1.67
1998-11-30,11.667,30.439,10.28,0.12,0.74,-1.64
1998-12-01,30.0,29.828,10.28,0.15,0.33,-3.04
1998-12-02,30.25,29.177,10.29,0.11,0.0,-3.74
1998-12-03,33.0,28.298,10.29,0.12,0.01,-4.49
1998-12-04,32.417,27.48,10.28,0.17,0.0,-4.64
1998-12-05,25.083,27.212,10.28,0.12,0.0,-3.27
1998-12-06,14.583,27.913,10.28,0.08,0.0,-4.9
1998-12-07,11.417,28.098,10.29,0.08,0.01,-2.79
1998-12-08,26.0,27.435,10.29,0.01,0.0,-4.07
1998-12-09,15.917,27.588,10.29,0.04,0.0,-2.11
1998-12-10,25.333,27.502,10.28,0.16,0.0,-2.34
1998-12-11,18.667,28.047,10.28,0.05,0.2,3.85
1998-12-12,23.833,27.823,10.29,0.15,1.96,3.72
1998-12-13,0.0,28.132,10.29,0.1,1.76,2.86
1998-12-14,1.417,28.777,10.29,0.0,0.05,1.63
1998-12-15,17.917,28.216,10.29,0.04,0.01,1.98
1998-12-16,27.0,27.18,10.29,0.05,0.01,0.95
1998-12-17,14.667,27.277,10.29,0.03,0.05,0.17
1998-12-18,1.0,28.343,10.29,0.13,0.01,0.15
1998-12-19,11.833,28.372,10.29,0.07,0.02,0.04
1998-12-20,9.75,28.418,10.27,0.15,0.06,-2.05
1998-12-21,7.833,28.6,10.25,0.19,7.08,-0.57
1998-12-22,16.583,28.525,10.27,0.18,0.59,-6.18
1998-12-23,12.5,28.872,10.28,0.1,0.49,-5.31
1998-12-24,16.75,28.505,10.29,0.05,0.0,-3.4
1998-12-25,3.917,28.983,10.28,0.02,0.16,-4.41
1998-12-26,13.583,28.797,10.28,0.06,0.0,-3.08
1998-12-27,9.0,28.887,10.28,0.16,0.0,0.59
1998-12-28,9.25,28.98,10.28,0.08,0.0,-0.57
1998-12-29,11.917,29.108,10.28,0.06,0.0,-0.17
1998-12-30,10.917,29.332,12.44,0.08,0.0,0.9
1998-12-31,9.833,29.603,20.75,0.06,30.36,0.4
1999-01-01,8.167,29.863,20.71,0.04,0.93,0.88
1999-01-02,10.0,30.028,20.2,0.01,0.86,-0.74
1999-01-03,9.75,30.36,19.73,0.16,0.48,0.19
1999-01-04,7.333,30.575,19.3,0.04,0.24,0.86
1999-01-05,10.417,30.566,19.0,0.12,0.13,2.98
1999-01-06,4.167,31.082,18.86,0.02,0.01,0.75
1999-01-07,7.667,31.179,18.84,0.09,0.01,1.72
1999-01-08,26.5,30.634,18.84,0.09,0.0,1.09
1999-01-09,30.75,29.565,19.06,0.21,0.5,1.93
1999-01-10,16.083,29.46,20.07,0.19,21.38,-2.59
1999-01-11,7.75,30.105,19.58,0.15,7.02,-7.59
1999-01-12,27.167,29.91,19.27,0.06,0.57,-6.17
1999-01-13,29.083,29.545,18.96,0.03,0.66,-5.1
1999-01-14,30.167,29.104,18.67,0.1,1.8,-3.18
1999-01-15,31.417,28.485,18.39,0.18,1.21,-2.02
1999-01-16,25.0,28.433,18.08,0.0,0.33,-2.63
1999-01-17,23.667,28.48,17.91,0.03,0.03,-0.77
1999-01-18,10.917,28.647,17.73,0.2,3.49,-0.82
1999-01-19,31.583,28.038,17.46,0.04,0.67,-2.46
1999-01-20,26.75,27.699,17.22,0.06,0.01,-1.2
1999-01-21,24.0,27.895,17.01,0.09,0.01,-0.31
1999-01-22,23.417,28.905,16.89,0.15,0.0,0.31
1999-01-23,17.667,28.515,16.77,0.06,0.0,-0.4
1999-01-24,23.667,28.485,16.66,0.03,0.0,-0.39
1999-01-25,10.25,28.775,16.58,0.05,0.0,-0.49
1999-01-26,24.417,28.938,16.53,0.08,0.0,0.63
1999-01-27,28.75,28.925,16.49,0.23,0.16,2.01
1999-01-28,26.25,29.085,16.45,0.35,1.8,1.41
1999-01-29,28.25,29.081,16.46,0.45,0.21,3.8
1999-01-30,20.333,29.643,16.48,0.25,0.17,-0.82
1999-01-31,22.75,29.662,16.39,0.07,0.0,-5.6
1999-02-01,8.284,29.58,16.19,0.13,0.0,-9.04
1999-02-02,2.871,29.56,15.92,0.18,0.0,-6.52
1999-02-03,30.083,29.325,15.53,0.18,0.0,-4.2
1999-02-04,30.833,29.168,13.01,0.07,0.0,-2.69
1999-02-05,27.667,29.207,11.96,0.26,0.0,-2.02
1999-02-06,14.167,28.74,11.62,0.42,0.02,1.95
1999-02-07,27.75,28.835,11.3,0.37,0.01,0.92
1999-02-08,35.167,28.695,10.93,0.37,1.16,0.34
1999-02-09,26.083,28.988,10.61,0.31,0.0,-0.74
1999-02-10,27.0,29.193,10.38,0.4,0.72,-1.47
1999-02-11,27.333,29.197,10.35,0.3,0.1,-5.22
1999-02-12,31.25,28.938,10.35,0.4,0.05,-5.15
1999-02-13,34.167,28.853,10.34,0.28,0.0,-7.13
1999-02-14,34.167,28.245,10.33,0.4,0.0,-8.24
1999-02-15,16.5,28.428,10.34,0.48,0.0,-7.31
1999-02-16,42.583,27.444,10.33,0.35,0.75,-3.6
1999-02-17,28.167,27.733,10.3,0.44,0.06,0.72
1999-02-18,40.083,28.0,10.28,0.55,0.03,0.01
1999-02-19,29.0,28.265,10.3,0.59,0.02,1.38
1999-02-20,18.75,28.743,10.29,0.49,0.0,1.08
1999-02-21,27.0,28.603,10.26,0.64,0.06,4.69
1999-02-22,27.0,29.19,11.08,0.92,0.03,6.98
1999-02-23,26.5,29.243,11.5,0.72,0.32,2.66
1999-02-24,21.25,29.842,11.35,0.62,0.13,0.44
1999-02-25,24.0,30.118,11.15,0.56,0.0,1.47
1999-02-26,24.167,30.442,10.97,0.64,0.0,3.26
1999-02-27,26.0,30.585,10.86,0.93,0.0,1.65
1999-02-28,24.917,30.638,10.8,0.67,0.25,3.92
1999-03-01,14.75,30.567,10.77,0.55,0.83,-1.65
1999-03-02,34.0,30.055,10.72,0.91,0.14,0.18
1999-03-03,34.167,29.628,10.81,0.87,0.0,3.34
1999-03-04,36.5,29.097,11.07,0.7,4.72,2.21
1999-03-05,40.75,28.422,11.14,0.76,0.91,0.28
1999-03-06,27.417,28.713,11.19,0.69,0.19,-2.55
1999-03-07,30.333,29.179,11.2,0.7,0.51,-3.09
1999-03-08,13.667,29.045,11.13,0.75,0.03,-0.48
1999-03-09,31.583,28.817,11.11,1.26,0.0,2.45
1999-03-10,27.0,28.135,11.31,1.41,0.0,6.25
1999-03-11,27.417,28.15,11.67,1.15,0.0,6.17
1999-03-12,31.25,27.75,12.28,1.38,1.51,9.76
1999-03-13,23.583,28.188,13.38,0.84,2.56,4.37
1999-03-14,28.25,28.17,14.56,0.88,3.74,4.99
1999-03-15,10.5,28.278,15.73,0.84,2.53,3.97
1999-03-16,26.25,28.297,16.71,0.97,0.01,3.8
1999-03-17,18.0,28.861,17.49,0.89,0.01,1.99
1999-03-18,18.75,29.342,18.06,1.19,0.0,2.92
1999-03-19,27.5,29.655,18.5,1.43,0.0,4.7
1999-03-20,32.583,29.149,18.79,1.02,0.04,0.46
1999-03-21,26.5,29.028,18.92,1.5,0.0,0.39
1999-03-22,10.667,29.021,18.9,1.35,0.06,3.35
1999-03-23,18.25,29.285,18.77,1.12,0.12,1.82
1999-03-24,22.833,29.574,18.76,1.47,0.0,2.32
1999-03-25,42.333,28.482,21.19,1.5,14.83,6.25
1999-03-26,35.333,28.05,23.29,1.16,5.56,4.27
1999-03-27,37.833,27.91,24.47,0.91,3.05,-2.09
1999-03-28,24.583,28.828,25.11,0.99,4.22,-0.42
1999-03-29,22.667,29.194,25.42,1.15,0.05,-0.25
1999-03-30,50.917,28.608,25.55,2.19,0.0,2.63
1999-03-31,37.333,29.011,25.67,2.39,0.0,5.53
1999-04-01,20.75,30.04,25.93,2.61,0.0,8.19
1999-04-02,38.0,29.188,26.39,2.02,1.75,7.78
1999-04-03,17.917,29.427,26.93,1.9,0.01,6.89
1999-04-04,38.333,28.693,27.39,1.6,0.22,8.03
1999-04-05,30.833,28.323,27.81,2.2,0.0,7.67
1999-04-06,28.25,28.893,28.35,3.13,0.0,10.07
1999-04-07,22.167,30.005,29.03,2.85,0.18,10.9
1999-04-08,46.0,29.723,29.5,1.68,0.32,4.51
1999-04-09,,29.572,29.79,1.67,2.5,2.53
1999-04-10,52.083,28.747,29.88,1.54,0.0,2.28
1999-04-11,51.0,27.978,29.77,2.37,0.03,5.51
1999-04-12,31.0,28.193,29.61,1.84,0.01,2.95
1999-04-13,51.667,27.272,29.2,1.69,0.12,3.52
1999-04-14,37.917,27.6,28.73,1.64,0.04,0.64
1999-04-15,47.083,27.322,28.74,2.13,6.13,2.28
1999-04-16,36.917,27.935,28.44,0.93,6.12,-2.77
1999-04-17,36.75,28.418,28.09,1.92,2.66,1.81
1999-04-18,42.833,28.33,27.74,1.6,1.02,1.07
1999-04-19,20.917,28.887,27.38,1.91,0.07,0.8
1999-04-20,41.667,29.006,27.15,2.34,0.01,6.16
1999-04-21,36.417,29.407,27.23,2.08,1.9,9.61
1999-04-22,21.083,29.422,27.67,2.15,0.91,6.07
1999-04-23,42.333,28.814,28.14,1.93,4.1,5.28
1999-04-24,25.25,30.418,28.53,1.66,2.41,2.5
1999-04-25,36.917,30.682,28.79,2.38,0.01,4.41
1999-04-26,17.083,31.422,29.14,2.77,8.07,7.1
1999-04-27,50.5,30.883,29.76,2.23,1.37,5.12
1999-04-28,44.583,30.82,30.61,1.81,1.46,4.97
1999-04-29,40.167,31.045,31.45,1.41,8.23,4.79
1999-04-30,41.917,31.123,32.15,2.22,0.94,6.31
1999-05-01,40.917,31.262,32.81,2.88,0.01,8.23
1999-05-02,39.167,29.92,33.42,2.79,0.01,9.47
1999-05-03,29.417,29.483,34.6,2.19,0.21,9.23
1999-05-04,24.167,30.761,35.38,1.52,8.15,6.3
1999-05-05,37.75,31.054,35.87,1.95,1.39,5.95
1999-05-06,45.417,30.563,36.25,2.72,0.2,10.38
1999-05-07,38.25,30.769,37.67,3.84,5.14,12.42
1999-05-08,30.583,31.472,39.57,2.4,9.55,10.64
1999-05-09,37.25,30.828,40.77,2.16,0.0,7.5
1999-05-10,39.75,30.832,41.52,4.06,0.0,12.16
1999-05-11,39.0,31.056,41.95,2.9,0.0,11.15
1999-05-12,59.417,29.57,42.16,3.9,0.0,13.04
1999-05-13,43.083,29.387,42.27,3.92,0.0,13.66
1999-05-14,53.0,28.681,42.29,3.62,0.0,13.79
1999-05-15,32.25,29.793,42.36,2.08,5.14,9.84
1999-05-16,45.0,29.893,42.77,2.17,1.73,8.22
1999-05-17,34.417,30.78,50.02,2.38,20.32,9.59
1999-05-18,42.0,31.462,58.92,2.18,25.33,5.07
1999-05-19,72.417,29.323,63.6,2.57,15.14,6.74
1999-05-20,44.0,29.821,65.07,1.98,3.17,6.11
1999-05-21,44.583,30.129,65.08,2.15,1.66,5.57
1999-05-22,50.083,29.833,64.9,2.27,0.56,6.48
1999-05-23,41.167,30.282,64.76,2.68,0.04,8.75
1999-05-24,54.833,29.905,64.61,2.34,0.0,7.13
1999-05-25,64.583,29.097,64.47,3.77,1.42,10.85
1999-05-26,71.0,27.978,64.29,3.1,0.02,11.45
1999-05-27,70.5,27.059,64.27,5.09,0.0,15.32
1999-05-28,65.0,28.156,64.18,2.61,1.86,11.84
1999-05-29,,29.364,64.08,3.9,0.01,13.26
1999-05-30,,28.658,60.37,3.57,0.0,13.57
1999-05-31,,28.817,51.48,4.04,0.48,15.2
1999-06-01,94.5,28.47,48.81,2.69,0.29,14.23
1999-06-02,89.5,28.522,47.43,3.29,2.17,14.91
1999-06-03,94.25,28.003,45.84,2.95,0.51,11.25
1999-06-04,86.75,29.134,43.31,4.08,0.02,12.44
1999-06-05,93.167,27.818,41.26,3.83,0.06,10.17
1999-06-06,70.0,27.537,41.03,2.56,4.13,8.68
1999-06-07,38.083,29.593,40.81,2.25,1.7,7.76
1999-06-08,52.417,30.647,39.42,2.13,0.98,7.31
1999-06-09,79.0,29.592,39.43,2.43,0.05,6.72
1999-06-10,,28.142,46.28,3.7,8.62,11.41
1999-06-11,55.0,28.903,43.03,2.69,2.85,10.96
1999-06-12,86.5,28.465,40.5,2.56,0.46,11.25
1999-06-13,67.917,28.293,50.45,3.46,5.79,13.37
1999-06-14,47.333,29.564,47.23,2.32,5.59,10.07
1999-06-15,74.167,30.873,46.12,3.32,4.75,9.71
1999-06-16,85.583,28.94,43.46,4.8,0.94,11.97
1999-06-17,68.417,28.0,54.89,5.09,0.01,14.08
1999-06-18,51.083,28.588,57.71,2.1,10.25,11.33
1999-06-19,52.083,29.023,46.96,3.6,0.01,12.79
1999-06-20,53.583,29.262,43.14,4.16,0.0,12.36
1999-06-21,61.583,28.878,40.39,3.29,0.0,12.03
1999-06-22,75.083,26.999,37.91,3.13,0.01,9.6
1999-06-23,33.583,28.277,35.86,4.77,0.0,9.85
1999-06-24,49.583,27.975,35.39,3.91,2.66,12.66
1999-06-25,33.75,28.698,35.11,5.6,2.39,16.07
1999-06-26,32.417,29.975,34.47,4.76,0.14,16.99
1999-06-27,47.0,29.692,37.12,2.77,6.06,11.76
1999-06-28,37.167,29.554,37.02,2.84,1.21,11.92
1999-06-29,50.917,28.831,48.81,3.76,7.39,12.71
1999-06-30,59.25,27.654,43.21,4.39,3.14,15.82
1999-07-01,41.167,27.878,39.51,3.28,0.5,13.03
1999-07-02,52.75,27.502,36.68,6.12,0.01,17.55
1999-07-03,38.5,28.513,34.63,5.98,0.05,18.48
1999-07-04,32.417,29.838,32.77,4.39,0.0,16.21
1999-07-05,28.417,30.649,30.94,3.47,0.06,15.23
1999-07-06,54.333,30.096,29.27,4.54,0.08,15.62
1999-07-07,47.167,30.102,27.77,3.64,0.01,13.11
1999-07-08,48.083,29.48,26.22,3.66,0.0,12.8
1999-07-09,37.75,29.698,24.67,4.6,0.0,13.65
1999-07-10,33.5,29.758,23.31,4.97,0.0,14.55
1999-07-11,17.083,30.763,22.25,4.18,0.34,14.87
1999-07-12,19.333,31.059,21.12,4.95,0.02,15.79
1999-07-13,34.333,30.173,20.57,3.71,0.44,14.67
1999-07-14,35.5,29.122,22.07,2.9,4.9,13.37
1999-07-15,8.0,30.448,21.37,3.22,0.23,13.48
1999-07-16,,30.244,20.15,3.02,0.06,13.63
1999-07-17,34.833,29.462,23.72,4.35,0.01,15.39
1999-07-18,31.0,28.858,37.89,4.47,11.48,17.73
1999-07-19,9.583,29.338,55.87,2.93,14.92,14.67
1999-07-20,18.667,29.847,42.95,2.85,4.08,12.4
1999-07-21,46.167,28.468,38.53,4.24,0.58,17.05
1999-07-22,25.167,28.262,35.98,3.05,0.11,14.89
1999-07-23,16.0,28.786,33.8,2.68,0.14,11.0
1999-07-24,,29.407,31.86,4.5,0.0,11.43
1999-07-25,,29.507,30.18,5.26,0.0,14.34
1999-07-26,,29.672,28.68,5.29,0.0,15.84
1999-07-27,,29.347,27.54,4.58,0.0,17.86
1999-07-28,23.083,29.148,27.68,2.65,1.28,13.63
1999-07-29,13.25,29.815,27.44,3.35,3.44,14.44
1999-07-30,16.167,30.098,28.6,3.45,4.67,15.39
1999-07-31,17.833,30.198,33.09,3.76,11.0,15.91
1999-08-01,16.0,30.249,34.17,2.32,4.86,12.66
1999-08-02,16.333,29.89,32.62,5.09,0.17,15.64
1999-08-03,20.333,29.633,32.02,3.61,1.97,15.59
1999-08-04,22.917,29.277,40.92,2.32,8.74,14.91
1999-08-05,12.167,29.885,39.83,3.78,3.61,18.08
1999-08-06,25.167,29.587,38.67,3.4,0.39,16.35
1999-08-07,26.917,29.348,39.94,3.04,5.94,15.16
1999-08-08,25.75,29.408,44.9,3.6,8.67,15.85
1999-08-09,23.667,29.147,41.76,3.93,0.45,14.03
1999-08-10,30.75,28.98,38.88,3.5,0.14,14.11
1999-08-11,27.917,28.806,36.62,3.2,0.01,13.77
1999-08-12,27.0,29.325,34.58,2.86,0.01,13.21
1999-08-13,,29.49,32.62,2.57,0.02,12.44
1999-08-14,35.083,29.475,30.7,3.05,0.0,12.72
1999-08-15,35.333,29.322,29.0,3.7,0.0,15.07
1999-08-16,28.417,29.435,27.5,2.57,0.0,13.25
1999-08-17,33.083,29.079,26.39,2.59,0.77,14.22
1999-08-18,33.0,28.223,25.02,1.93,0.02,12.49
1999-08-19,22.25,28.578,23.66,2.51,0.0,14.2
1999-08-20,25.167,28.56,22.6,1.97,0.0,12.36
1999-08-21,27.0,28.695,23.5,2.38,1.89,11.56
1999-08-22,26.917,28.998,21.72,3.3,0.0,14.76
1999-08-23,26.25,29.31,20.46,3.97,0.43,17.44
1999-08-24,29.167,29.297,19.29,3.4,0.0,17.08
1999-08-25,30.667,29.185,18.3,3.99,0.2,19.75
1999-08-26,27.083,29.473,17.59,3.09,0.52,20.03
1999-08-27,28.083,29.605,17.02,2.51,0.23,16.43
1999-08-28,28.75,29.58,16.4,3.11,0.0,17.02
1999-08-29,25.583,29.961,19.03,2.51,6.96,14.07
1999-08-30,21.583,30.535,21.43,3.03,0.0,14.93
1999-08-31,28.333,30.68,24.42,2.55,0.0,13.26
1999-09-01,31.917,30.453,28.65,3.01,0.0,14.2
1999-09-02,31.167,30.344,27.3,3.64,0.03,15.51
1999-09-03,32.917,30.062,27.02,4.18,0.02,17.6
1999-09-04,31.833,30.088,27.5,2.33,4.3,14.99
1999-09-05,29.333,30.113,30.76,2.27,5.74,13.17
1999-09-06,22.417,30.764,32.58,2.96,1.86,14.68
1999-09-07,27.0,31.47,32.96,2.02,5.38,13.2
1999-09-08,28.083,31.398,31.22,2.13,1.54,12.75
1999-09-09,39.833,30.585,29.42,3.39,0.28,13.38
1999-09-10,38.083,30.277,27.68,3.26,0.0,14.13
1999-09-11,38.0,29.941,26.09,3.61,0.0,15.72
1999-09-12,26.083,30.313,24.68,3.13,0.0,16.34
1999-09-13,17.917,30.614,24.02,2.76,0.49,15.27
1999-09-14,38.583,29.965,32.6,1.92,11.06,12.98
1999-09-15,34.583,29.489,41.23,1.13,15.41,8.48
1999-09-16,41.083,28.371,40.4,1.28,2.6,7.76
1999-09-17,38.5,27.267,39.15,2.87,1.38,11.4
1999-09-18,1.0,29.626,37.39,1.45,0.56,8.66
1999-09-19,12.25,30.488,52.58,1.8,0.25,11.12
1999-09-20,15.583,30.853,65.14,1.03,29.03,7.38
1999-09-21,22.25,31.489,64.92,1.67,3.24,8.68
1999-09-22,25.583,32.012,64.62,1.69,1.58,11.66
1999-09-23,32.0,31.823,62.43,1.97,0.71,13.23
1999-09-24,32.583,31.941,58.9,2.07,0.25,13.81
1999-09-25,40.0,31.498,56.09,2.71,0.06,14.59
1999-09-26,50.0,29.998,55.13,1.3,2.87,10.01
1999-09-27,38.167,28.255,46.49,1.43,0.06,9.96
1999-09-28,29.25,28.665,41.54,1.36,0.06,11.16
1999-09-29,31.5,28.998,39.16,1.47,0.09,9.49
1999-09-30,25.833,29.708,37.03,2.7,0.05,13.33
1999-10-01,24.583,30.455,35.2,1.43,0.18,9.56
1999-10-02,30.5,30.415,33.35,1.09,0.04,8.65
1999-10-03,23.917,30.593,31.58,1.24,0.05,10.75
1999-10-04,13.333,30.753,29.91,0.85,0.23,3.13
1999-10-05,28.0,31.025,28.39,1.08,0.09,4.82
1999-10-06,29.333,31.018,26.9,0.76,0.03,2.54
1999-10-07,41.917,29.233,25.45,1.13,0.02,4.16
1999-10-08,19.833,30.372,24.12,1.03,0.04,6.08
1999-10-09,28.417,30.392,22.8,0.83,0.02,5.19
1999-10-10,21.25,30.34,21.54,1.16,0.02,4.95
1999-10-11,14.583,30.657,20.4,1.46,0.0,6.37
1999-10-12,30.917,30.51,19.87,1.1,0.0,9.19
1999-10-13,19.667,30.415,22.86,0.76,6.81,7.77
1999-10-14,27.25,30.575,23.62,0.92,1.73,9.5
1999-10-15,30.0,30.515,22.67,0.86,0.31,8.21
1999-10-16,29.333,30.448,21.47,0.81,0.12,7.91
1999-10-17,21.25,30.335,22.61,1.24,0.09,9.58
1999-10-18,14.167,30.643,31.66,0.67,10.47,6.51
1999-10-19,27.0,31.018,27.94,0.61,1.38,5.48
1999-10-20,27.25,31.105,40.99,0.52,0.26,5.98
1999-10-21,29.833,31.114,45.05,0.61,14.45,7.02
1999-10-22,27.833,30.636,38.16,0.76,2.55,8.27
1999-10-23,25.417,30.869,39.19,0.58,4.96,7.57
1999-10-24,18.917,30.307,46.95,0.69,8.59,9.74
1999-10-25,19.25,30.283,46.98,0.55,5.8,5.57
1999-10-26,32.667,30.322,45.61,0.65,2.03,5.22
1999-10-27,29.833,30.379,45.06,0.35,2.38,5.43
1999-10-28,38.917,29.429,44.67,0.44,2.05,8.97
1999-10-29,37.25,28.77,43.73,0.49,1.41,9.97
1999-10-30,28.667,28.858,43.85,0.68,1.39,12.26
1999-10-31,24.5,28.625,42.97,0.43,0.26,9.49
1999-11-01,18.75,28.797,41.03,0.39,0.91,7.34
1999-11-02,17.333,28.858,39.56,0.45,0.85,11.13
1999-11-03,31.5,28.647,38.86,0.41,2.51,4.55
1999-11-04,26.5,29.073,37.12,0.2,0.08,0.38
1999-11-05,32.25,29.227,35.19,0.33,0.04,1.08
1999-11-06,34.583,29.332,33.44,0.29,0.05,5.1
1999-11-07,30.75,29.633,32.04,0.54,3.92,3.02
1999-11-08,39.0,30.217,30.55,0.19,0.0,-0.83
1999-11-09,,30.162,29.02,0.11,0.2,0.8
1999-11-10,37.667,29.858,27.55,0.21,0.04,1.9
1999-11-11,33.75,29.95,26.14,0.19,0.03,-0.06
1999-11-12,31.5,30.06,30.76,0.16,3.59,-0.31
1999-11-13,36.917,30.134,39.29,0.33,39.11,-1.19
1999-11-14,38.417,30.887,35.08,0.33,12.69,-0.32
1999-11-15,64.833,30.124,32.25,0.17,2.61,-1.21
1999-11-16,62.667,29.235,30.57,0.02,1.9,-0.76
1999-11-17,58.0,27.459,28.8,0.03,0.05,-3.12
1999-11-18,46.417,27.98,27.33,0.17,0.1,-1.05
1999-11-19,41.417,28.927,26.75,0.25,1.07,0.69
1999-11-20,56.167,28.473,25.49,0.13,0.38,-3.67
1999-11-21,46.583,28.61,24.09,0.17,0.13,-7.45
1999-11-22,42.583,28.627,22.74,0.06,0.02,-8.58
1999-11-23,48.75,28.711,21.51,0.12,0.0,-6.97
1999-11-24,45.583,27.567,20.58,0.09,0.05,-0.34
1999-11-25,41.0,28.235,19.62,0.11,0.0,-2.19
1999-11-26,41.583,28.778,18.74,0.03,0.0,-3.17
1999-11-27,47.833,29.37,18.19,0.04,0.0,-1.37
1999-11-28,45.75,30.005,17.91,0.06,0.0,-0.74
1999-11-29,43.25,29.771,17.71,0.1,0.0,-0.44
1999-11-30,46.25,30.242,17.6,0.08,0.0,-0.45
1999-12-01,47.417,30.523,17.42,0.05,0.0,-0.06
1999-12-02,31.083,30.842,16.83,0.0,0.0,-1.9
1999-12-03,42.25,30.363,15.98,0.04,0.02,-2.84
1999-12-04,34.083,30.942,15.4,0.07,0.0,-0.75
1999-12-05,34.583,30.852,14.87,0.19,0.52,0.02
1999-12-06,29.583,30.755,14.18,0.04,0.02,-3.94
1999-12-07,25.583,30.692,13.62,0.06,0.0,-2.48
1999-12-08,31.75,30.597,13.23,0.01,0.0,-2.26
1999-12-09,29.417,30.468,12.8,0.01,0.0,-2.26
1999-12-10,34.083,30.525,12.27,0.22,0.3,-0.19
1999-12-11,35.083,30.25,11.82,0.24,0.3,-0.41
1999-12-12,34.417,30.316,12.35,0.22,0.01,1.64
1999-12-13,18.75,31.017,12.37,0.34,0.06,1.6
1999-12-14,38.333,30.738,12.24,0.11,0.09,0.79
1999-12-15,42.0,30.48,13.19,0.18,6.07,0.24
1999-12-16,,30.367,12.88,0.12,0.77,-4.93
1999-12-17,37.5,30.338,12.18,0.24,0.13,-7.63
1999-12-18,42.083,30.287,11.58,0.13,0.04,-3.62
1999-12-19,32.5,29.983,11.15,0.17,0.99,-0.79
1999-12-20,37.667,29.512,10.9,0.13,1.39,-1.71
1999-12-21,34.833,30.05,10.61,0.05,0.0,-5.4
1999-12-22,43.083,29.627,10.54,0.14,0.0,-2.62
1999-12-23,33.667,29.802,10.52,0.11,0.0,-1.12
1999-12-24,40.5,29.647,10.5,0.06,0.0,-0.21
1999-12-25,33.333,30.101,10.48,0.0,0.0,-0.83
1999-12-26,14.917,30.56,10.44,0.21,0.71,3.01
1999-12-27,16.083,30.662,11.28,0.3,0.62,5.67
1999-12-28,38.583,30.611,14.41,0.33,5.5,4.86
1999-12-29,34.5,30.922,15.02,0.22,0.15,-2.0
1999-12-30,39.75,30.562,14.13,0.0,0.04,-5.62
1999-12-31,37.0,30.03,13.33,0.14,0.0,-2.75
2000-01-01,,,12.64,0.21,0.15,-0.44
2000-01-02,38.25,29.2,12.06,0.12,0.0,0.41
2000-01-03,20.5,29.623,11.59,0.0,0.0,-2.12
2000-01-04,36.5,29.438,11.16,0.01,0.01,-2.41
2000-01-05,30.833,29.55,10.78,0.03,0.02,-1.63
2000-01-06,28.667,29.865,10.52,0.01,0.0,-2.22
2000-01-07,26.333,29.649,10.4,0.02,0.01,-2.6
2000-01-08,39.75,29.108,10.38,0.05,0.02,-0.2
2000-01-09,25.5,29.325,10.38,0.19,0.22,0.47
2000-01-10,21.333,29.472,10.37,0.2,0.45,-3.11
2000-01-11,35.25,29.31,10.36,0.06,0.0,-4.99
2000-01-12,27.75,29.587,10.36,0.02,0.0,-5.37
2000-01-13,35.417,29.016,10.35,0.0,0.01,-5.53
2000-01-14,28.917,29.198,10.33,0.07,0.0,-3.51
2000-01-15,28.083,29.264,10.34,0.16,0.0,-1.85
2000-01-16,27.333,29.123,10.34,0.02,0.0,-2.31
2000-01-17,10.75,29.48,10.33,0.0,0.0,-1.58
2000-01-18,30.0,29.363,10.33,0.0,0.01,-4.99
2000-01-19,,29.371,10.32,0.03,0.04,-5.07
2000-01-20,21.333,30.267,10.32,0.13,0.0,-3.13
2000-01-21,35.083,29.155,10.31,0.01,0.0,-6.47
2000-01-22,24.667,29.422,10.3,0.09,0.01,-4.07
2000-01-23,19.917,29.355,10.3,0.29,0.11,-3.99
2000-01-24,9.083,29.532,10.3,0.15,0.08,-4.8
2000-01-25,21.0,29.716,10.3,0.14,0.0,-5.74
2000-01-26,21.583,30.237,10.3,0.12,0.0,-8.36
2000-01-27,28.0,30.445,10.3,0.09,0.01,-4.48
2000-01-28,28.583,30.557,10.3,0.18,0.0,-1.46
2000-01-29,33.75,29.962,10.31,0.06,0.0,-1.85
2000-01-30,19.25,29.878,10.28,0.05,0.0,-0.64
2000-01-31,12.917,29.832,10.3,0.2,0.0,1.28
2000-02-01,34.167,29.613,10.3,0.15,0.0,2.6
2000-02-02,35.0,29.362,10.3,0.3,0.03,6.18
2000-02-03,23.583,30.001,10.31,0.34,0.9,3.5
2000-02-04,20.5,30.594,10.31,0.26,0.0,-0.93
2000-02-05,35.583,29.76,10.37,0.47,0.0,3.0
2000-02-06,19.25,29.775,11.79,0.35,0.0,5.12
2000-02-07,13.0,29.898,12.69,0.17,0.06,4.35
2000-02-08,34.75,29.389,12.86,0.27,0.0,4.23
2000-02-09,31.5,28.94,12.89,0.49,0.23,4.73
2000-02-10,25.583,28.963,12.67,0.27,0.0,-0.53
2000-02-11,21.0,29.272,12.92,0.39,0.29,4.42
2000-02-12,19.833,29.868,12.59,0.35,0.25,-0.05
2000-02-13,7.417,30.055,11.98,0.29,0.0,-2.93
2000-02-14,13.917,29.963,11.57,0.47,0.78,0.35
2000-02-15,34.333,29.525,12.08,0.49,2.07,3.94
2000-02-16,27.417,29.219,11.99,0.52,0.09,3.98
2000-02-17,30.917,28.923,11.5,0.67,1.32,1.25
2000-02-18,19.333,29.415,12.07,0.88,3.99,4.11
2000-02-19,21.917,29.578,12.5,0.66,0.05,5.1
2000-02-20,10.25,29.512,12.29,0.63,0.27,2.81
2000-02-21,13.083,29.078,11.8,0.49,0.0,-0.78
2000-02-22,15.083,28.961,11.29,0.5,0.0,-1.24
2000-02-23,26.833,29.22,10.75,0.35,0.01,-2.0
2000-02-24,25.5,29.532,10.33,0.65,0.0,0.13
2000-02-25,30.5,29.325,10.37,0.7,0.0,2.33
2000-02-26,23.917,29.154,11.11,1.2,0.01,4.78
2000-02-27,12.0,29.08,12.25,1.24,0.0,4.74
2000-02-28,13.667,28.945,13.32,1.26,0.0,5.41
2000-02-29,31.417,28.67,13.33,0.75,0.0,3.32
2000-03-01,24.5,28.69,13.02,0.71,0.0,4.24
2000-03-02,19.25,28.928,12.5,0.81,1.31,1.59
2000-03-03,22.25,29.119,11.93,1.17,0.0,-0.99
2000-03-04,23.833,28.98,11.85,1.4,0.02,2.9
2000-03-05,10.083,28.808,11.48,0.72,0.42,0.88
2000-03-06,2.167,29.325,10.96,1.18,0.0,0.7
2000-03-07,25.833,29.092,11.23,1.5,0.01,4.55
2000-03-08,23.667,28.297,11.93,1.09,0.45,3.72
2000-03-09,19.917,27.845,12.37,1.42,0.0,4.09
2000-03-10,19.5,27.995,13.12,1.78,0.09,5.18
2000-03-11,23.917,27.855,13.82,1.89,0.0,5.53
2000-03-12,11.75,28.157,14.82,1.95,0.0,6.56
2000-03-13,9.25,28.518,15.81,1.71,0.0,7.77
2000-03-14,12.75,29.134,16.65,0.96,2.27,2.9
2000-03-15,21.667,28.793,16.5,1.46,0.26,5.66
2000-03-16,28.417,28.13,15.83,1.26,0.16,1.74
2000-03-17,22.75,27.771,15.08,1.69,0.0,1.45
2000-03-18,29.25,27.479,14.47,1.81,0.0,2.97
2000-03-19,10.417,27.776,13.81,1.27,0.0,2.76
2000-03-20,15.083,27.547,13.12,1.0,0.0,-0.14
2000-03-21,16.333,27.898,12.93,0.9,0.95,0.1
2000-03-22,19.5,27.387,13.97,1.63,1.68,4.42
2000-03-23,14.833,27.995,39.01,1.23,10.35,5.65
2000-03-24,24.083,27.825,43.1,1.18,12.63,5.41
2000-03-25,24.167,27.761,33.39,1.16,0.64,2.22
2000-03-26,14.833,27.674,30.25,1.35,3.13,4.48
2000-03-27,14.333,27.825,28.32,1.22,1.22,2.09
2000-03-28,29.083,27.802,26.77,0.99,1.9,-1.59
2000-03-29,30.083,28.188,25.57,1.01,1.3,-1.05
2000-03-30,30.917,28.477,24.76,1.29,0.93,-0.91
2000-03-31,29.583,28.378,26.93,1.33,4.17,2.25
2000-04-01,23.75,28.775,27.53,0.99,6.52,-1.06
2000-04-02,9.833,28.615,28.12,1.94,0.04,3.95
2000-04-03,9.75,28.603,45.46,1.69,12.24,5.58
2000-04-04,28.167,27.838,45.39,1.81,2.26,3.39
2000-04-05,18.417,27.634,38.48,1.35,1.09,2.86
2000-04-06,13.5,27.963,35.75,1.31,0.35,0.03
2000-04-07,29.0,27.584,33.63,1.49,0.11,-0.55
2000-04-08,18.667,29.103,32.43,2.46,0.01,4.68
2000-04-09,24.833,29.582,31.4,1.16,1.01,3.34
2000-04-10,14.75,29.479,30.81,1.69,0.39,4.3
2000-04-11,42.75,28.078,34.32,1.28,11.26,2.02
2000-04-12,18.917,28.49,33.36,1.09,2.01,0.91
2000-04-13,29.0,28.5,32.44,1.45,1.73,2.19
2000-04-14,,28.565,33.54,2.03,0.07,5.46
2000-04-15,31.417,28.095,37.6,1.76,5.65,6.01
2000-04-16,12.917,28.412,45.19,1.99,8.16,3.87
2000-04-17,2.25,28.887,50.66,1.68,11.39,5.33
2000-04-18,17.25,28.98,50.77,2.01,0.07,3.22
2000-04-19,30.75,29.131,50.38,2.12,3.29,4.86
2000-04-20,27.667,29.631,50.04,1.61,3.57,5.84
2000-04-21,24.0,30.134,49.89,3.36,0.0,9.7
2000-04-22,23.75,29.464,49.91,3.17,0.0,10.74
2000-04-23,20.583,28.825,51.67,2.8,11.46,8.8
2000-04-24,16.75,28.563,52.8,1.68,4.29,2.19
2000-04-25,26.5,28.68,53.05,3.29,0.0,7.01
2000-04-26,42.5,28.42,53.21,4.05,0.0,9.64
2000-04-27,36.167,28.055,53.46,2.04,0.24,6.94
2000-04-28,29.75,28.773,53.46,1.43,6.19,3.71
2000-04-29,58.917,27.57,53.05,2.11,1.23,3.44
2000-04-30,46.667,27.23,52.57,2.7,0.97,7.17
2000-05-01,42.083,27.224,52.01,1.98,0.08,6.78
2000-05-02,32.0,28.451,51.46,3.0,1.8,8.67
2000-05-03,,29.32,51.16,3.64,1.43,9.5
2000-05-04,,29.103,50.9,3.45,0.0,12.13
2000-05-05,53.583,29.054,51.02,2.29,0.11,9.12
2000-05-06,58.917,28.285,53.66,2.46,14.28,8.68
2000-05-07,47.167,29.058,55.13,2.58,0.1,9.62
2000-05-08,51.667,29.52,55.72,2.56,3.49,8.36
2000-05-09,78.917,27.532,56.42,2.92,4.89,10.94
2000-05-10,54.667,27.603,61.58,2.23,15.64,9.34
2000-05-11,41.083,29.348,65.21,1.96,15.33,8.15
2000-05-12,53.667,30.093,65.2,2.17,2.75,7.39
2000-05-13,60.167,30.182,64.97,3.43,0.01,10.89
2000-05-14,52.417,30.798,64.79,3.87,0.0,10.85
2000-05-15,69.833,29.929,64.6,4.61,0.0,12.46
2000-05-16,87.75,27.875,64.48,4.52,0.02,12.95
2000-05-17,64.75,28.258,64.89,4.24,1.16,14.39
2000-05-18,84.0,27.22,66.93,1.94,19.16,7.09
2000-05-19,,29.252,67.57,1.81,0.16,6.3
2000-05-20,123.75,28.683,67.57,2.29,0.0,6.38
2000-05-21,99.333,29.5,86.39,3.42,0.0,7.83
2000-05-22,103.75,29.549,93.52,2.56,14.15,8.68
2000-05-23,109.833,28.858,72.64,2.24,0.62,6.78
2000-05-24,86.417,28.605,68.95,3.39,0.0,10.45
2000-05-25,89.167,28.755,69.2,4.82,5.72,13.43
2000-05-26,69.0,30.745,70.13,2.44,3.68,10.11
2000-05-27,,28.054,75.43,4.06,14.54,11.93
2000-05-28,,30.484,70.35,2.67,0.11,8.01
2000-05-29,,30.141,67.61,2.27,0.65,10.97
2000-05-30,,30.471,67.55,2.92,0.14,11.59
2000-05-31,,27.93,67.55,3.62,0.07,13.21
2000-06-01,94.5,27.676,67.54,4.3,0.0,12.15
2000-06-02,67.167,27.465,67.54,5.78,2.31,16.74
2000-06-03,69.667,29.194,65.1,4.59,6.12,15.91
2000-06-04,77.583,28.333,64.08,3.91,0.23,14.47
2000-06-05,83.0,29.174,64.25,2.48,0.67,10.42
2000-06-06,70.417,28.471,64.43,2.3,14.3,7.22
2000-06-07,56.25,29.794,64.19,3.11,0.01,8.13
2000-06-08,90.0,28.51,63.98,3.69,0.02,8.73
2000-06-09,67.0,28.491,64.91,5.88,0.0,14.46
2000-06-10,56.833,29.551,120.41,2.75,30.87,9.09
2000-06-11,69.083,30.26,89.18,1.6,19.27,4.04
2000-06-12,103.417,30.688,76.74,2.02,0.2,6.62
2000-06-13,106.167,30.457,74.14,3.05,0.02,10.03
2000-06-14,86.417,29.559,75.56,2.12,2.01,10.76
2000-06-15,92.0,31.026,78.41,3.34,0.03,13.18
2000-06-16,103.333,31.489,73.01,5.32,0.0,14.29
2000-06-17,107.333,31.012,68.26,5.86,0.0,16.03
2000-06-18,108.583,30.533,67.54,6.13,0.0,16.49
2000-06-19,82.333,28.695,67.54,5.97,0.0,15.97
2000-06-20,84.25,28.605,67.55,5.99,0.0,15.46
2000-06-21,65.0,28.182,67.55,5.42,0.0,15.46
2000-06-22,64.75,27.761,64.96,4.11,0.11,15.16
2000-06-23,60.5,27.752,60.15,2.89,1.11,11.68
2000-06-24,43.417,28.861,57.18,1.91,0.17,8.66
2000-06-25,38.667,29.922,53.92,2.76,0.0,10.16
2000-06-26,57.583,29.309,50.82,3.32,0.02,12.13
2000-06-27,61.167,28.453,48.08,5.32,3.02,16.21
2000-06-28,34.0,29.828,40.81,4.92,0.0,17.63
2000-06-29,75.667,27.575,38.38,3.48,0.0,15.34
2000-06-30,48.667,27.427,36.31,3.05,0.28,13.79
2000-07-01,33.917,28.939,34.28,5.18,0.0,15.87
2000-07-02,33.083,30.316,32.46,4.81,0.0,17.1
2000-07-03,36.417,30.893,30.78,4.15,0.02,17.23
2000-07-04,60.75,29.361,29.25,3.93,0.25,14.37
2000-07-05,37.917,30.133,27.64,2.91,0.0,10.99
2000-07-06,58.75,28.753,35.77,4.66,0.0,14.26
2000-07-07,53.5,27.724,34.57,5.54,6.14,17.64
2000-07-08,26.25,28.177,29.62,3.18,0.08,12.32
2000-07-09,28.25,29.139,27.38,3.26,0.0,10.04
2000-07-10,22.0,30.375,26.08,4.71,0.0,13.03
2000-07-11,44.917,30.707,27.13,2.14,3.83,8.32
2000-07-12,55.5,30.055,26.01,2.98,0.3,8.51
2000-07-13,59.5,29.4,24.62,3.38,0.01,8.88
2000-07-14,43.0,30.052,23.29,3.67,0.0,11.81
2000-07-15,41.667,29.977,22.14,2.74,0.25,10.96
2000-07-16,26.833,30.076,21.25,2.64,0.79,9.44
2000-07-17,26.667,30.138,20.22,3.41,0.0,10.94
2000-07-18,45.083,28.825,19.2,4.03,0.0,11.98
2000-07-19,45.583,27.868,20.25,3.66,3.29,14.94
2000-07-20,40.75,27.635,20.58,4.21,1.48,16.06
2000-07-21,37.0,27.764,20.29,4.38,0.79,15.99
2000-07-22,25.5,28.701,19.17,4.78,0.0,17.82
2000-07-23,20.583,30.071,18.43,5.78,0.02,18.54
2000-07-24,29.917,30.333,20.04,2.91,4.32,13.63
2000-07-25,60.5,28.243,21.38,3.46,1.87,13.98
2000-07-26,42.667,27.905,21.3,3.24,1.68,13.41
2000-07-27,27.0,28.763,20.39,4.02,0.0,14.04
2000-07-28,18.167,29.084,19.37,5.0,0.15,16.87
2000-07-29,40.25,28.641,18.36,3.11,0.01,12.79
2000-07-30,20.083,29.391,17.29,4.09,0.04,13.26
2000-07-31,13.167,30.197,16.33,5.05,0.04,14.74
2000-08-01,46.833,29.283,16.36,5.54,1.33,17.6
2000-08-02,35.167,29.229,17.9,4.45,3.85,16.95
2000-08-03,46.333,28.383,19.33,3.4,0.49,14.71
2000-08-04,28.833,28.788,25.48,2.09,9.54,9.68
2000-08-05,35.833,28.221,26.24,3.12,2.18,10.83
2000-08-06,12.25,29.58,25.22,2.71,0.57,10.69
2000-08-07,17.667,29.855,23.77,2.86,0.03,11.05
2000-08-08,46.833,29.194,22.9,4.14,0.94,13.18
2000-08-09,44.917,28.578,21.99,4.33,0.15,15.7
2000-08-10,43.5,28.558,20.69,4.51,0.0,16.48
2000-08-11,38.25,28.635,19.75,5.57,0.0,18.79
2000-08-12,39.083,28.646,19.35,4.25,1.03,18.01
2000-08-13,17.167,29.448,18.65,2.47,0.21,13.73
2000-08-14,11.417,30.198,17.99,3.93,0.82,15.94
2000-08-15,47.083,28.937,17.24,4.63,0.0,18.53
2000-08-16,26.75,28.573,16.32,2.69,0.18,17.06
2000-08-17,35.75,28.43,15.8,4.98,0.74,18.9
2000-08-18,43.583,27.765,15.31,3.29,0.28,15.98
2000-08-19,37.25,27.785,14.45,3.67,0.03,18.06
2000-08-20,18.667,28.575,13.63,5.06,0.03,19.04
2000-08-21,27.083,28.19,13.06,4.83,0.03,18.93
2000-08-22,38.417,28.255,12.5,2.7,0.15,13.12
2000-08-23,31.917,29.013,11.81,4.03,0.0,14.91
2000-08-24,31.667,29.449,11.28,4.27,0.06,17.1
2000-08-25,38.667,29.013,10.82,2.91,0.23,18.02
2000-08-26,32.833,29.162,10.31,4.14,0.0,21.02
2000-08-27,8.917,29.185,10.17,2.51,0.03,12.33
2000-08-28,9.0,29.089,10.17,2.94,0.0,12.92
2000-08-29,19.583,28.728,10.17,3.26,0.0,13.69
2000-08-30,18.333,29.475,11.72,4.16,4.76,16.64
2000-08-31,52.167,27.04,18.23,1.77,11.54,11.96
2000-09-01,19.25,27.718,19.45,2.96,0.03,12.17
2000-09-02,0.917,30.343,18.58,2.94,0.28,14.15
2000-09-03,10.083,30.426,17.68,2.63,0.09,12.39
2000-09-04,3.667,30.903,17.45,2.42,1.4,12.07
2000-09-05,43.833,29.282,16.8,2.44,0.06,9.82
2000-09-06,39.5,28.088,15.91,3.26,0.06,11.28
2000-09-07,12.25,29.381,15.11,2.98,0.03,13.77
2000-09-08,14.75,30.6,14.25,2.5,0.0,13.59
2000-09-09,13.333,31.81,13.42,3.51,0.0,15.04
2000-09-10,27.583,31.717,12.71,3.39,0.0,15.13
2000-09-11,25.75,30.513,12.03,3.41,0.0,15.85
2000-09-12,53.583,28.478,11.81,2.95,0.01,16.81
2000-09-13,27.417,28.645,13.97,1.83,3.17,13.62
2000-09-14,32.083,28.367,13.0,2.89,0.0,15.73
2000-09-15,31.917,28.37,12.1,3.45,0.0,16.22
2000-09-16,18.333,28.811,11.53,3.59,0.04,17.33
2000-09-17,1.0,30.005,11.78,2.1,0.0,14.36
2000-09-18,13.0,29.72,12.51,1.73,4.77,12.1
2000-09-19,23.75,29.617,16.41,1.91,1.78,12.47
2000-09-20,21.167,29.68,25.7,1.2,17.76,8.56
2000-09-21,24.5,29.282,27.1,1.16,4.0,4.58
2000-09-22,39.083,27.348,26.49,2.43,0.0,9.86
2000-09-23,17.417,27.545,25.32,2.74,0.0,13.04
2000-09-24,11.0,27.575,24.01,2.55,0.06,14.12
2000-09-25,10.25,27.449,22.69,1.54,0.0,11.98
2000-09-26,4.417,29.015,21.56,2.07,0.0,13.95
2000-09-27,28.833,28.308,24.07,1.59,6.01,12.75
2000-09-28,5.417,29.693,27.29,1.34,2.04,11.81
2000-09-29,10.0,30.61,48.7,1.48,14.98,12.95
2000-09-30,9.833,30.615,57.44,0.96,6.62,4.89
2000-10-01,7.333,30.703,54.11,1.08,4.09,6.36
2000-10-02,2.167,31.029,45.26,1.18,0.48,7.91
2000-10-03,26.0,30.542,42.37,1.33,0.44,7.58
2000-10-04,,30.131,40.4,1.18,0.07,9.11
2000-10-05,17.5,30.277,38.85,1.51,0.08,10.68
2000-10-06,13.25,30.532,36.99,0.98,0.12,8.8
2000-10-07,25.25,30.007,35.02,0.95,0.05,5.11
2000-10-08,6.083,30.106,33.18,1.2,0.08,5.67
2000-10-09,8.417,30.252,31.52,1.45,0.0,8.57
2000-10-10,24.083,29.933,29.99,0.98,0.3,8.41
2000-10-11,24.583,29.83,30.42,0.92,0.21,7.27
2000-10-12,18.333,29.661,35.4,0.69,14.85,4.64
2000-10-13,0.0,30.245,34.35,0.64,0.98,3.91
2000-10-14,0.0,30.546,32.54,0.6,1.29,2.45
2000-10-15,0.0,30.855,31.46,0.69,0.45,4.94
2000-10-16,1.75,31.135,30.82,0.59,4.19,3.41
2000-10-17,21.083,31.17,29.84,0.6,0.51,3.8
2000-10-18,22.083,30.97,28.9,0.53,0.03,5.52
2000-10-19,23.167,31.132,28.44,0.76,0.1,8.91
2000-10-20,24.083,30.502,27.86,0.63,0.0,9.74
2000-10-21,12.833,30.697,27.02,0.9,0.0,10.42
2000-10-22,0.0,31.358,28.23,0.74,4.95,8.64
2000-10-23,1.917,31.701,29.04,0.65,2.48,8.46
2000-10-24,24.0,30.733,28.81,0.65,0.76,10.03
2000-10-25,35.0,29.527,27.46,0.53,0.01,8.6
2000-10-26,,28.113,26.12,0.51,0.0,9.45
2000-10-27,27.5,29.892,24.95,0.52,0.28,7.73
2000-10-28,32.083,29.68,23.66,0.39,0.0,6.25
2000-10-29,21.417,29.485,22.75,0.79,1.5,9.51
2000-10-30,14.333,29.74,21.9,0.38,0.19,5.67
2000-10-31,6.833,29.512,23.67,0.35,5.42,7.59
2000-11-01,5.0,29.43,25.05,0.31,2.7,2.88
2000-11-02,4.583,29.48,24.09,0.28,0.27,4.49
2000-11-03,0.167,30.038,23.92,0.45,2.43,4.05
2000-11-04,2.0,30.126,23.19,0.25,0.36,1.06
2000-11-05,2.0,30.198,22.63,0.28,0.01,1.32
2000-11-06,2.0,30.288,44.01,0.3,17.45,3.19
2000-11-07,2.917,30.302,38.08,0.33,4.28,3.72
2000-11-08,13.25,29.452,33.05,0.23,0.06,0.08
2000-11-09,16.0,28.315,30.51,0.19,0.04,0.13
2000-11-10,,27.79,28.59,0.09,0.04,-0.31
2000-11-11,1.0,28.683,26.89,0.15,0.03,0.02
2000-11-12,1.0,28.837,25.38,0.21,0.04,0.98
2000-11-13,0.917,29.053,27.27,0.43,4.38,7.17
2000-11-14,0.083,29.312,29.5,0.36,5.45,2.73
2000-11-15,1.0,29.355,28.05,0.06,0.13,0.3
2000-11-16,0.917,29.54,26.48,0.0,0.01,-1.35
2000-11-17,0.0,29.782,25.02,0.11,0.3,1.91
2000-11-18,0.0,30.051,23.69,0.27,0.37,1.09
2000-11-19,0.0,30.305,22.45,0.16,0.03,-0.17
2000-11-20,0.0,30.601,21.43,0.22,0.24,4.23
2000-11-21,0.0,30.85,20.68,0.26,2.2,-0.62
2000-11-22,0.0,31.07,20.62,0.28,0.06,3.14
2000-11-23,0.0,31.116,46.7,0.08,10.24,5.37
2000-11-24,0.0,31.643,46.31,0.23,17.4,2.89
2000-11-25,0.0,31.921,36.85,0.04,0.07,1.84
2000-11-26,0.0,32.173,34.02,0.05,0.47,3.85
2000-11-27,0.333,32.423,33.08,0.19,2.36,5.67
2000-11-28,5.333,32.222,32.54,0.04,0.35,5.86
2000-11-29,18.333,30.945,31.22,0.19,0.01,4.93
2000-11-30,0.417,31.212,30.93,0.14,2.0,6.0
2000-12-01,5.5,31.077,29.91,0.07,0.06,3.62
2000-12-02,10.083,30.518,30.38,0.04,0.62,2.77
2000-12-03,0.0,30.86,31.49,0.01,8.18,1.44
2000-12-04,0.917,31.134,29.93,0.13,0.08,0.7
2000-12-05,11.167,30.454,28.56,0.13,0.0,2.33
2000-12-06,11.917,29.758,28.82,0.13,2.58,4.11
2000-12-07,0.0,30.086,38.55,0.07,10.21,5.1
2000-12-08,0.0,30.397,54.59,0.34,14.48,7.56
2000-12-09,0.0,30.726,48.74,0.08,1.05,3.37
2000-12-10,0.0,31.036,45.14,0.19,0.02,2.74
2000-12-11,0.5,31.307,42.51,0.21,0.01,2.91
2000-12-12,6.083,31.135,40.12,0.05,0.0,2.49
2000-12-13,6.417,30.896,37.97,0.1,0.0,2.63
2000-12-14,0.0,31.315,36.07,0.12,0.03,2.76
2000-12-15,0.0,31.616,34.17,0.22,0.66,3.38
2000-12-16,0.0,31.929,32.38,0.19,0.14,0.39
2000-12-17,1.0,32.221,30.63,0.08,0.0,-0.79
2000-12-18,13.667,31.821,29.02,0.12,0.03,0.51
2000-12-19,32.083,30.806,27.57,0.09,0.0,2.39
2000-12-20,32.917,29.659,26.1,0.1,0.0,1.05
2000-12-21,31.917,28.887,24.74,0.2,0.0,1.8
2000-12-22,30.167,29.001,25.86,0.1,0.23,2.49
2000-12-23,20.917,29.472,50.84,0.05,20.04,3.82
2000-12-24,20.083,30.956,54.39,0.1,14.03,2.4
2000-12-25,21.25,31.276,56.17,0.12,16.01,2.72
2000-12-26,24.833,30.253,47.84,0.05,2.05,1.9
2000-12-27,33.417,28.035,45.69,0.28,1.81,2.19
2000-12-28,28.0,28.701,43.34,0.22,0.65,1.56
2000-12-29,40.333,29.337,41.36,0.08,1.7,-1.38
2000-12-30,53.5,29.048,39.71,0.23,1.79,-0.05
2000-12-31,36.083,29.989,37.54,0.1,1.57,-4.19
2001-01-01,26.083,30.842,35.5,0.13,0.01,-2.13
2001-01-02,28.917,30.572,35.42,0.22,2.68,2.56
2001-01-03,49.917,29.81,36.15,0.1,2.37,1.74
2001-01-04,48.167,29.751,37.41,0.2,5.51,1.89
2001-01-05,39.333,30.322,36.7,0.08,1.27,1.5
2001-01-06,41.583,30.503,47.41,0.19,9.13,4.62
2001-01-07,27.75,30.957,45.24,0.19,3.33,-0.72
2001-01-08,46.167,30.736,40.71,0.11,1.02,-1.5
2001-01-09,38.917,31.033,37.96,0.1,0.13,-3.44
2001-01-10,60.0,30.059,35.75,0.25,0.04,-0.32
2001-01-11,,30.997,35.65,0.17,0.09,2.19
2001-01-12,52.167,30.582,43.95,0.06,10.97,3.71
2001-01-13,44.0,31.211,41.63,0.05,1.06,3.26
2001-01-14,53.5,30.686,38.88,0.14,2.38,1.78
2001-01-15,37.0,30.847,37.12,0.29,2.34,-0.79
2001-01-16,,30.738,35.41,0.17,2.02,-3.02
2001-01-17,43.083,31.127,33.85,0.01,0.82,-1.08
2001-01-18,55.167,30.702,32.53,0.07,1.52,-0.94
2001-01-19,55.583,30.057,30.94,0.09,0.39,-0.81
2001-01-20,40.333,30.063,29.43,0.24,0.31,-0.67
2001-01-21,44.333,30.433,28.11,0.17,0.04,0.18
2001-01-22,47.917,30.429,27.03,0.01,0.0,0.98
2001-01-23,46.167,30.152,25.91,0.32,0.32,1.09
2001-01-24,38.167,30.822,25.92,0.11,0.04,3.87
2001-01-25,51.0,30.725,26.11,0.22,2.55,1.04
2001-01-26,52.25,30.554,25.97,0.17,1.96,-1.03
2001-01-27,63.583,29.391,25.66,0.2,1.6,1.36
2001-01-28,38.0,30.554,25.37,0.29,2.35,0.44
2001-01-29,49.583,29.908,24.32,0.33,6.58,-2.05
2001-01-30,55.667,29.489,23.1,0.34,0.61,-1.18
2001-01-31,50.167,28.967,22.13,0.4,0.22,-0.11
2001-02-01,31.917,30.555,21.5,0.43,1.85,0.98
2001-02-02,53.583,30.204,20.55,0.16,1.17,-2.54
2001-02-03,59.0,29.365,19.82,0.17,0.0,1.07
2001-02-04,45.583,29.393,19.51,0.12,0.0,2.33
2001-02-05,20.5,30.345,19.45,0.27,0.0,2.97
2001-02-06,36.833,30.787,19.52,0.21,0.0,3.75
2001-02-07,36.0,31.382,19.97,0.34,0.0,5.39
2001-02-08,47.917,31.004,21.25,0.57,1.85,4.26
2001-02-09,57.417,30.267,21.54,0.41,1.34,1.66
2001-02-10,49.583,30.232,20.61,0.44,0.18,-0.3
2001-02-11,34.0,31.496,20.57,0.46,0.12,5.28
2001-02-12,35.5,31.723,21.33,0.44,0.0,5.01
2001-02-13,51.917,31.069,22.19,0.59,0.06,6.56
2001-02-14,52.25,30.591,22.04,0.49,0.21,2.81
2001-02-15,63.833,29.06,21.62,0.38,2.01,-0.06
2001-02-16,39.833,29.043,20.67,0.36,0.01,2.6
2001-02-17,38.083,28.815,19.61,0.49,0.0,1.77
2001-02-18,38.083,28.485,18.69,0.8,0.02,1.56
2001-02-19,29.0,29.047,17.67,0.4,0.06,-0.94
2001-02-20,39.333,28.59,16.84,0.78,0.0,1.22
2001-02-21,30.917,28.791,16.41,1.16,0.0,2.94
2001-02-22,20.5,29.757,15.95,0.7,0.0,2.77
2001-02-23,37.417,29.374,15.81,0.93,0.0,3.94
2001-02-24,40.917,29.128,15.3,0.73,0.06,3.11
2001-02-25,29.0,29.608,14.47,0.65,0.02,-0.25
2001-02-26,31.167,30.148,13.7,0.81,0.04,-4.75
2001-02-27,53.417,29.028,13.02,0.82,0.0,-3.68
2001-02-28,35.583,29.068,12.37,0.54,0.53,-3.6
2001-03-01,30.417,29.948,11.92,0.62,0.56,-4.27
2001-03-02,25.583,31.391,36.15,0.65,3.51,0.1
2001-03-03,43.333,31.778,64.36,0.77,34.33,4.19
2001-03-04,47.083,31.032,65.66,0.86,6.77,5.64
2001-03-05,46.167,30.367,65.53,0.74,10.63,3.96
2001-03-06,26.0,31.215,65.05,1.08,0.85,8.19
2001-03-07,,30.134,65.58,1.06,0.15,8.52
2001-03-08,36.5,30.94,66.77,1.04,20.55,7.88
2001-03-09,53.75,30.797,66.29,0.99,0.55,5.11
2001-03-10,61.417,30.415,66.07,1.15,0.11,7.32
2001-03-11,54.25,30.29,65.9,0.98,1.89,6.2
2001-03-12,46.417,30.728,66.23,1.6,0.01,10.44
2001-03-13,50.75,30.713,66.45,1.02,10.11,4.66
2001-03-14,48.917,30.791,66.18,1.28,1.22,3.21
2001-03-15,57.75,30.102,65.99,1.61,0.0,6.96
2001-03-16,44.0,30.964,65.91,1.32,0.0,6.66
2001-03-17,46.083,31.675,66.02,1.1,3.32,6.27
2001-03-18,68.583,30.442,65.83,1.43,0.88,4.89
2001-03-19,64.5,29.459,65.63,1.39,0.0,5.71
2001-03-20,68.917,28.108,65.47,1.68,0.0,8.66
2001-03-21,54.5,28.052,65.29,1.6,0.07,10.17
2001-03-22,29.083,30.172,65.15,1.75,0.16,10.79
2001-03-23,54.417,30.062,65.0,1.63,0.0,9.2
2001-03-24,78.417,27.358,64.82,2.01,0.0,13.64
2001-03-25,46.917,27.957,64.73,2.97,0.05,10.32
2001-03-26,17.75,31.103,56.29,1.41,0.04,4.68
2001-03-27,68.5,29.873,51.0,1.63,0.76,5.69
2001-03-28,52.917,30.427,49.22,1.51,1.69,5.9
2001-03-29,62.25,30.078,48.66,1.58,0.94,5.88
2001-03-30,54.0,30.318,48.3,1.53,6.32,2.46
2001-03-31,54.5,30.723,47.12,2.49,1.93,4.3
2001-04-01,59.25,30.694,46.29,2.31,0.0,6.99
2001-04-02,52.0,31.246,46.13,2.88,0.0,10.47
2001-04-03,63.083,30.707,45.42,2.33,0.0,8.81
2001-04-04,63.25,30.131,43.51,1.85,0.0,7.0
2001-04-05,55.583,30.227,41.48,1.94,0.07,7.31
2001-04-06,61.667,29.967,40.81,2.32,0.0,9.07
2001-04-07,56.583,30.06,41.35,2.55,1.52,10.5
2001-04-08,42.5,31.352,39.89,1.67,1.93,3.78
2001-04-09,60.583,30.891,39.82,2.65,3.62,4.98
2001-04-10,75.917,29.275,39.04,2.6,0.24,7.83
2001-04-11,53.0,29.504,37.7,2.56,0.22,7.66
2001-04-12,,29.053,35.91,2.1,0.83,4.13
2001-04-13,,29.683,34.42,2.66,0.08,5.68
2001-04-14,,30.087,32.59,2.02,0.0,3.88
2001-04-15,,29.368,31.01,3.19,0.0,4.52
2001-04-16,,30.309,29.77,3.18,0.0,4.86
2001-04-17,,29.872,28.54,2.03,0.02,5.96
2001-04-18,67.917,28.853,27.14,2.04,0.02,5.36
2001-04-19,45.333,29.613,25.87,1.85,0.21,3.62
2001-04-20,50.667,30.206,24.99,1.84,1.4,1.84
2001-04-21,66.167,29.23,23.84,1.93,0.38,0.43
2001-04-22,37.083,31.085,22.67,1.71,1.61,-1.46
2001-04-23,61.333,30.791,22.89,2.52,2.18,4.81
2001-04-24,73.667,29.443,24.3,3.47,0.0,9.48
2001-04-25,48.167,30.296,27.47,3.03,3.53,11.31
2001-04-26,50.833,30.797,28.17,2.51,0.53,6.04
2001-04-27,60.833,30.647,28.46,3.33,0.17,7.7
2001-04-28,70.333,29.292,30.04,2.77,5.61,7.92
2001-04-29,70.583,28.297,33.11,3.0,0.01,8.18
2001-04-30,36.25,30.498,65.0,2.06,24.79,7.06
2001-05-01,72.667,30.833,67.69,0.83,29.66,-0.31
2001-05-02,80.5,29.729,67.61,2.24,14.93,3.44
2001-05-03,83.333,28.155,67.88,2.27,3.32,4.25
2001-05-04,55.333,29.045,67.63,1.95,2.71,2.55
2001-05-05,69.0,28.565,67.61,2.24,1.28,3.73
2001-05-06,57.833,28.753,67.59,2.4,1.24,3.96
2001-05-07,54.5,29.147,67.6,2.7,0.04,5.48
2001-05-08,40.25,30.72,67.59,2.3,0.0,5.03
2001-05-09,65.667,30.202,67.65,2.28,0.0,7.27
2001-05-10,73.0,29.34,67.66,2.29,9.26,7.07
2001-05-11,73.5,29.375,67.59,1.79,6.4,6.81
2001-05-12,76.417,29.867,67.58,3.14,0.21,10.44
2001-05-13,48.333,31.112,67.58,4.14,0.1,12.66
2001-05-14,54.417,31.772,67.6,3.2,3.54,10.81
2001-05-15,82.583,30.438,67.58,2.7,0.13,8.94
2001-05-16,101.667,31.132,67.58,3.75,0.02,10.85
2001-05-17,118.5,30.551,67.44,4.2,3.9,12.72
2001-05-18,102.75,31.228,66.3,3.19,3.48,10.92
2001-05-19,111.333,31.317,65.96,2.92,0.42,8.74
2001-05-20,115.167,31.257,65.77,4.24,0.07,10.62
2001-05-21,117.583,30.758,65.96,3.57,0.47,11.16
2001-05-22,120.583,29.204,66.16,3.23,3.17,10.88
2001-05-23,81.417,28.222,66.19,3.14,4.57,11.28
2001-05-24,66.0,30.329,66.37,2.41,3.12,9.78
2001-05-25,90.25,31.239,66.11,2.6,1.04,8.08
2001-05-26,113.083,28.1,65.82,2.81,0.09,10.4
2001-05-27,90.0,28.78,65.62,3.66,0.06,12.2
2001-05-28,68.583,29.16,65.4,4.92,0.04,15.13
2001-05-29,77.167,30.762,65.18,5.49,0.07,16.47
2001-05-30,101.167,29.025,65.0,6.06,0.0,17.38
2001-05-31,102.0,29.097,64.85,5.73,2.52,19.0
2001-06-01,91.583,30.562,64.82,3.92,1.88,14.77
2001-06-02,98.25,31.21,64.67,3.61,0.05,11.68
2001-06-03,99.5,29.617,64.02,4.84,0.01,13.02
2001-06-04,82.083,29.01,60.99,3.94,0.0,12.66
2001-06-05,69.917,28.886,50.55,4.98,0.0,15.25
2001-06-06,47.5,30.037,48.21,4.55,2.15,15.72
2001-06-07,55.833,30.983,46.72,3.57,0.07,12.59
2001-06-08,86.083,29.66,44.37,4.89,0.0,13.28
2001-06-09,75.917,29.114,44.31,4.6,0.0,16.66
2001-06-10,71.917,28.188,48.76,2.7,7.26,11.61
2001-06-11,41.5,30.764,50.73,2.19,7.33,7.72
2001-06-12,80.0,30.231,47.71,4.48,0.06,10.46
2001-06-13,,28.713,45.59,4.63,1.12,13.55
2001-06-14,54.333,28.881,43.63,4.2,0.04,15.44
2001-06-15,58.833,29.117,41.3,4.99,0.02,16.84
2001-06-16,65.75,28.01,40.55,4.75,2.22,14.34
2001-06-17,41.25,28.34,38.93,3.17,0.06,10.04
2001-06-18,44.167,28.325,36.73,3.65,0.02,10.1
2001-06-19,46.417,28.081,34.58,4.6,0.02,10.82
2001-06-20,50.0,27.245,32.62,6.12,0.02,14.91
2001-06-21,38.417,27.712,30.83,7.02,0.0,18.21
2001-06-22,31.417,28.615,29.22,6.85,0.02,19.73
2001-06-23,27.75,28.531,27.71,6.4,0.0,20.71
2001-06-24,58.0,27.149,26.14,5.02,0.0,19.4
2001-06-25,,28.678,24.54,5.82,0.0,20.62
2001-06-26,52.25,27.572,23.12,6.85,0.0,22.64
2001-06-27,0.0,29.049,22.15,5.51,0.32,18.22
2001-06-28,,30.441,21.15,3.23,0.38,13.85
2001-06-29,60.083,28.86,19.9,5.1,0.01,14.97
2001-06-30,48.583,28.388,18.73,6.26,0.0,17.95
2001-07-01,34.5,29.189,17.74,5.79,0.0,18.35
2001-07-02,51.0,28.438,16.74,5.18,0.0,18.49
2001-07-03,50.0,27.577,16.29,6.21,0.0,20.34
2001-07-04,39.5,27.98,21.03,5.35,8.08,17.96
2001-07-05,44.167,28.048,26.37,3.1,9.41,14.52
2001-07-06,36.25,28.738,30.89,3.32,5.42,13.41
2001-07-07,48.917,28.21,29.71,3.38,0.94,11.55
2001-07-08,37.5,28.753,28.1,4.69,0.02,14.31
2001-07-09,43.25,28.66,27.6,3.93,0.35,15.5
2001-07-10,46.833,28.433,29.55,2.62,6.42,12.76
2001-07-11,56.0,27.249,28.15,4.85,0.04,16.54
2001-07-12,,28.393,26.61,4.2,0.02,15.31
2001-07-13,34.25,28.922,25.19,4.78,0.0,18.11
2001-07-14,46.417,28.501,23.91,4.21,0.0,17.45
2001-07-15,29.0,29.701,26.04,4.64,6.68,16.2
2001-07-16,30.917,30.627,27.39,3.16,1.76,11.2
2001-07-17,51.333,29.8,26.86,3.26,0.17,10.9
2001-07-18,43.667,29.593,27.74,3.79,0.3,15.95
2001-07-19,39.833,29.763,34.88,3.11,16.57,11.38
2001-07-20,38.0,30.151,38.92,2.21,8.44,8.96
2001-07-21,,30.463,37.93,4.3,0.07,12.0
2001-07-22,,30.246,35.67,5.6,0.0,16.33
2001-07-23,,31.081,33.77,5.94,0.05,19.28
2001-07-24,50.417,29.953,32.07,4.35,0.0,16.99
2001-07-25,0.0,30.561,30.52,4.35,0.4,15.48
2001-07-26,,28.387,28.99,5.29,0.0,18.77
2001-07-27,,28.59,28.29,4.66,0.79,19.63
2001-07-28,38.333,28.695,28.22,3.83,1.65,18.16
2001-07-29,40.083,28.706,26.98,3.68,0.07,17.04
2001-07-30,21.917,29.312,25.4,5.09,0.0,19.29
2001-07-31,52.75,28.005,23.91,5.73,0.0,21.07
2001-08-01,38.833,27.942,22.47,6.05,0.0,22.1
2001-08-02,36.0,27.877,21.39,6.12,0.06,24.13
2001-08-03,25.167,28.127,20.43,4.51,0.03,19.95
2001-08-04,26.167,28.858,19.35,3.32,0.0,16.69
2001-08-05,17.083,29.958,18.23,3.55,0.0,15.23
2001-08-06,19.333,30.168,17.14,4.17,0.0,16.35
2001-08-07,34.333,30.222,16.14,4.54,0.0,17.25
2001-08-08,37.833,29.885,15.33,5.12,0.0,19.52
2001-08-09,34.75,29.625,14.7,3.56,0.08,16.91
2001-08-10,19.583,29.966,14.39,3.05,0.72,14.86
2001-08-11,5.917,31.838,13.66,3.33,0.0,13.66
2001-08-12,26.0,31.132,12.88,5.22,0.0,16.93
2001-08-13,15.0,30.868,15.04,5.03,4.25,18.52
2001-08-14,,31.287,20.17,4.82,3.66,18.43
2001-08-15,29.0,31.206,18.72,4.81,3.37,18.54
2001-08-16,19.333,30.658,18.75,4.12,0.83,18.18
2001-08-17,33.5,31.239,19.73,1.93,3.97,12.7
2001-08-18,27.5,31.742,18.84,3.77,0.01,16.16
2001-08-19,21.75,31.268,17.87,3.75,0.03,17.65
2001-08-20,21.083,30.594,17.09,2.84,0.28,15.09
2001-08-21,43.25,29.405,16.01,3.07,0.0,15.76
2001-08-22,35.75,29.024,15.03,5.29,0.0,19.68
2001-08-23,42.167,27.92,14.22,4.85,0.0,20.34
2001-08-24,21.167,28.593,13.79,4.91,0.74,20.62
2001-08-25,11.0,28.793,13.17,5.15,0.0,21.44
2001-08-26,0.667,29.485,12.47,5.26,0.0,21.94
2001-08-27,8.0,29.42,11.82,4.35,0.06,20.23
2001-08-28,,29.229,11.15,4.6,0.06,19.57
2001-08-29,17.833,28.281,10.63,5.26,0.0,19.25
2001-08-30,15.25,27.684,10.28,2.8,0.11,16.72
2001-08-31,8.0,28.348,11.11,3.58,2.66,15.62
2001-09-01,19.25,29.116,11.2,2.87,0.05,12.71
2001-09-02,22.0,29.392,10.57,3.01,0.0,11.44
2001-09-03,,29.335,10.95,3.79,0.0,13.57
2001-09-04,14.083,29.45,17.91,3.89,9.47,15.93
2001-09-05,45.333,27.625,16.28,2.57,0.1,12.6
2001-09-06,14.667,26.977,14.71,2.89,0.0,10.99
2001-09-07,0.667,27.745,13.66,3.49,0.0,13.01
2001-09-08,8.833,28.123,12.84,3.35,0.01,14.25
2001-09-09,17.667,28.008,12.11,3.17,0.0,14.63
2001-09-10,13.75,27.719,11.54,3.02,0.02,13.29
2001-09-11,12.083,28.39,10.95,2.29,0.0,10.31
2001-09-12,23.5,28.678,10.38,2.79,0.0,10.75
2001-09-13,19.333,29.43,10.23,2.92,0.0,12.32
2001-09-14,34.0,29.43,10.2,3.34,0.18,15.15
2001-09-15,34.333,29.43,10.21,2.67,0.2,11.8
2001-09-16,35.333,29.422,10.2,2.5,0.0,12.08
2001-09-17,7.167,29.358,10.17,2.84,0.0,11.89
2001-09-18,19.583,29.687,10.23,2.54,0.03,7.59
2001-09-19,15.583,31.127,10.24,2.05,0.0,7.44
2001-09-20,21.833,30.427,10.31,2.31,0.0,10.63
2001-09-21,19.5,30.443,10.26,1.63,0.34,11.17
2001-09-22,13.833,30.999,13.37,2.19,2.1,14.6
2001-09-23,12.417,31.816,24.81,1.19,20.11,10.28
2001-09-24,16.417,31.238,23.15,1.42,2.19,10.5
2001-09-25,11.75,31.371,21.29,1.38,0.0,8.15
2001-09-26,29.167,30.715,19.86,1.37,0.04,7.59
2001-09-27,11.583,31.757,18.65,2.14,0.0,9.03
2001-09-28,38.0,30.398,18.71,2.24,0.03,11.32
2001-09-29,16.0,29.123,22.71,1.15,8.54,10.68
2001-09-30,,29.772,24.45,1.14,3.21,10.22
2001-10-01,,29.237,23.27,2.3,0.01,12.66
2001-10-02,23.167,29.151,21.94,2.54,0.0,14.73
2001-10-03,15.583,29.793,20.96,2.27,0.1,14.66
2001-10-04,33.167,29.454,21.1,1.41,2.74,12.86
2001-10-05,34.417,29.113,20.53,1.55,0.0,11.85
2001-10-06,27.0,29.763,19.51,1.3,0.0,13.04
2001-10-07,16.917,30.397,19.12,1.16,1.45,11.63
2001-10-08,26.0,29.72,18.58,1.44,0.11,11.28
2001-10-09,15.0,29.955,19.03,1.04,2.09,8.94
2001-10-10,,30.032,20.4,1.0,3.67,9.93
2001-10-11,24.667,29.108,19.86,0.99,0.0,10.42
2001-10-12,19.917,29.711,18.74,1.25,0.05,13.49
2001-10-13,9.0,30.482,17.91,1.55,0.0,16.1
2001-10-14,19.917,30.387,17.9,0.93,1.88,11.08
2001-10-15,19.083,30.245,17.33,1.01,0.05,11.29
2001-10-16,19.917,30.195,16.37,0.79,0.03,10.16
2001-10-17,19.333,30.287,15.93,1.36,0.02,11.73
2001-10-18,22.75,30.7,21.37,0.94,12.87,11.36
2001-10-19,20.25,30.733,23.72,0.83,0.52,11.05
2001-10-20,22.583,31.047,39.77,0.94,15.71,11.23
2001-10-21,17.583,30.445,40.49,0.64,3.52,6.78
2001-10-22,13.333,30.303,36.77,0.7,0.03,7.74
2001-10-23,17.333,30.545,34.66,0.69,0.07,9.66
2001-10-24,21.083,30.505,33.2,0.6,1.04,7.72
2001-10-25,22.25,30.686,31.5,0.67,0.02,8.02
2001-10-26,25.667,30.837,29.83,0.44,0.01,7.66
2001-10-27,31.667,30.639,28.25,0.52,0.02,8.25
2001-10-28,16.833,31.295,26.74,0.48,0.0,9.06
2001-10-29,15.833,31.312,25.32,0.43,0.0,9.8
2001-10-30,24.667,30.903,23.94,0.6,0.0,10.81
2001-10-31,21.333,31.012,22.72,0.89,0.0,10.25
2001-11-01,24.0,30.69,21.73,0.39,0.66,8.8
2001-11-02,13.0,30.55,20.65,0.47,0.0,5.59
2001-11-03,13.667,30.23,19.56,0.22,0.0,2.58
2001-11-04,20.917,30.322,18.51,0.5,0.0,5.31
2001-11-05,20.25,29.982,17.54,0.46,0.0,6.96
2001-11-06,24.25,28.212,16.61,0.21,0.02,3.86
2001-11-07,35.0,25.49,15.73,0.28,0.04,2.23
2001-11-08,1.833,25.646,14.91,0.35,0.02,5.57
2001-11-09,0.0,26.189,14.3,0.27,1.14,3.41
2001-11-10,0.0,26.657,13.6,0.17,0.27,-3.05
2001-11-11,0.0,27.097,12.8,0.35,0.01,-2.91
2001-11-12,0.0,27.544,12.09,0.9,0.39,0.8
2001-11-13,0.0,27.955,11.65,0.92,0.24,4.15
2001-11-14,0.0,28.373,11.48,0.35,2.79,2.97
2001-11-15,0.0,28.763,11.08,0.33,0.25,-1.37
2001-11-16,0.0,29.15,11.94,0.26,1.13,-0.79
2001-11-17,0.0,29.438,15.79,0.12,18.57,0.23
2001-11-18,0.0,30.228,16.66,0.11,5.48,0.1
2001-11-19,0.0,30.692,16.0,0.06,0.24,1.98
2001-11-20,0.0,31.28,15.43,0.21,0.41,0.21
2001-11-21,0.0,31.531,14.63,0.14,0.04,-0.76
2001-11-22,0.0,31.904,13.81,0.01,0.01,-1.21
2001-11-23,1.167,32.205,13.02,0.08,0.03,-3.56
2001-11-24,13.25,31.39,12.37,0.23,0.06,-0.73
2001-11-25,4.833,31.516,12.07,0.14,0.51,0.44
2001-11-26,3.0,31.71,11.72,0.13,0.08,-0.04
2001-11-27,3.667,31.964,11.37,0.08,0.02,0.43
2001-11-28,10.417,32.337,10.85,0.01,0.0,-3.87
2001-11-29,4.917,32.227,10.53,0.15,0.11,-0.47
2001-11-30,13.75,31.342,10.49,0.03,0.01,1.8
2001-12-01,0.083,31.613,10.48,0.1,0.0,3.61
2001-12-02,0.917,31.896,10.81,0.08,0.04,3.16
2001-12-03,0.583,32.159,10.98,0.08,0.02,2.95
2001-12-04,6.667,31.933,10.98,0.04,0.01,0.96
2001-12-05,3.0,31.972,10.85,0.02,0.01,1.17
2001-12-06,3.0,32.005,10.94,0.03,0.0,2.91
2001-12-07,3.0,32.063,10.93,0.04,0.02,2.21
2001-12-08,3.0,32.093,10.79,0.17,0.01,3.82
2001-12-09,3.0,32.125,10.45,0.09,0.0,0.16
2001-12-10,2.75,32.186,10.35,0.14,0.0,0.89
2001-12-11,0.25,32.252,10.34,0.07,0.0,-1.32
2001-12-12,3.583,32.233,10.33,0.1,0.14,-2.64
2001-12-13,9.833,31.689,10.33,0.17,0.0,-2.63
2001-12-14,7.667,31.348,10.33,0.13,0.01,-3.03
2001-12-15,3.917,31.323,10.32,0.08,2.62,-7.11
2001-12-16,3.083,31.35,10.32,0.08,0.73,-10.28
2001-12-17,4.0,31.348,10.32,0.05,1.31,-7.6
2001-12-18,4.0,31.32,10.31,0.01,0.15,-9.16
2001-12-19,3.917,31.309,10.33,0.08,0.02,-6.26
2001-12-20,2.917,31.185,10.37,0.13,0.02,-5.24
2001-12-21,2.167,31.128,10.33,0.02,0.0,-5.86
2001-12-22,4.083,31.09,10.32,0.01,0.01,-8.59
2001-12-23,5.167,30.957,10.31,0.08,0.0,-6.42
2001-12-24,6.917,30.688,10.3,0.11,0.0,-10.24
2001-12-25,5.833,30.545,10.29,0.09,0.02,-8.36
2001-12-26,4.0,30.485,10.3,0.21,0.02,-7.36
2001-12-27,3.833,30.442,10.34,0.2,0.14,-4.69
2001-12-28,2.083,30.585,10.39,0.02,0.08,-3.01
2001-12-29,3.0,30.643,10.36,0.03,0.09,-1.98
2001-12-30,3.083,30.67,10.38,0.25,0.11,-0.3
2001-12-31,4.0,30.672,10.54,0.09,0.3,1.27
2002-01-01,4.0,30.7,10.49,0.19,2.12,-0.99
2002-01-02,4.167,30.688,10.56,0.36,0.59,-2.08
2002-01-03,7.75,30.464,10.51,0.2,1.76,-2.2
2002-01-04,26.917,29.447,10.48,0.09,3.16,1.9
2002-01-05,26.25,28.531,10.44,0.28,0.72,0.31
2002-01-06,26.583,27.369,10.41,0.2,0.05,-1.92
2002-01-07,1.25,27.793,10.38,0.03,0.01,-1.34
2002-01-08,15.167,27.706,10.36,0.08,0.03,-2.73
2002-01-09,16.417,27.694,10.35,0.08,0.01,-2.11
2002-01-10,10.583,28.067,10.35,0.13,0.0,-0.59
2002-01-11,16.667,28.073,10.34,0.1,0.02,-1.82
2002-01-12,12.667,28.47,10.33,0.18,0.0,-0.93
2002-01-13,8.833,28.963,10.33,0.32,0.0,1.17
2002-01-14,8.167,29.532,10.33,0.07,0.43,1.2
2002-01-15,20.667,29.343,10.32,0.06,0.14,1.77
2002-01-16,16.833,29.375,10.31,0.09,1.4,-1.36
2002-01-17,15.333,29.399,10.31,0.22,0.18,-2.21
2002-01-18,19.167,29.015,10.31,0.23,0.06,-2.33
2002-01-19,20.0,28.535,10.31,0.19,0.03,-1.51
2002-01-20,9.0,28.69,10.3,0.07,0.03,-1.94
2002-01-21,9.75,28.573,10.29,0.26,0.03,1.2
2002-01-22,18.333,28.472,10.28,0.52,0.17,3.16
2002-01-23,21.667,28.275,10.39,0.41,0.1,1.5
2002-01-24,17.5,28.257,10.43,0.23,7.96,0.37
2002-01-25,11.833,28.731,10.38,0.34,0.28,2.06
2002-01-26,9.833,29.402,10.34,0.33,0.02,3.51
2002-01-27,8.25,29.415,10.32,0.41,0.01,5.22
2002-01-28,10.667,29.341,10.3,0.37,0.0,4.64
2002-01-29,8.0,30.319,10.31,0.61,0.08,5.25
2002-01-30,18.917,30.088,10.97,0.71,0.05,6.97
2002-01-31,18.167,30.045,11.25,0.46,0.01,4.79
2002-02-01,20.0,29.863,10.97,0.32,0.0,2.74
2002-02-02,19.583,29.68,10.85,0.44,0.07,4.51
2002-02-03,14.583,29.79,10.98,0.71,0.01,5.91
2002-02-04,9.917,29.866,11.27,1.16,0.0,4.71
2002-02-05,9.667,30.703,11.55,0.35,0.0,4.55
2002-02-06,16.333,30.683,14.13,0.17,8.44,4.04
2002-02-07,9.25,30.097,14.6,0.32,5.59,0.57
2002-02-08,11.917,29.392,14.49,0.56,0.16,1.37
2002-02-09,10.083,29.357,14.56,0.4,0.0,3.4
2002-02-10,0.833,29.85,14.59,0.27,0.0,4.66
2002-02-11,10.583,29.505,14.61,0.34,0.0,4.07
2002-02-12,16.833,29.335,14.8,0.65,0.0,5.62
2002-02-13,14.417,29.335,15.0,0.73,0.0,5.47
2002-02-14,8.25,29.971,15.41,0.77,1.29,5.24
2002-02-15,11.583,30.247,15.17,0.56,1.65,0.88
2002-02-16,16.75,29.613,14.53,0.54,0.78,0.71
2002-02-17,2.917,30.363,13.95,0.49,2.9,-1.41
2002-02-18,3.25,30.945,13.38,0.42,0.46,-2.78
2002-02-19,17.333,30.854,13.13,0.38,0.04,0.61
2002-02-20,21.0,30.453,12.86,0.61,0.0,0.87
2002-02-21,,30.375,12.5,0.64,1.46,1.56
2002-02-22,17.083,30.427,12.06,0.71,0.45,0.02
2002-02-23,17.0,30.441,12.06,1.19,0.0,4.44
2002-02-24,6.0,30.923,12.37,1.36,0.12,6.02
2002-02-25,,31.279,12.4,1.05,0.04,4.99
2002-02-26,14.167,31.142,12.31,0.7,0.0,4.89
2002-02-27,15.75,30.963,12.24,0.84,0.28,6.02
2002-02-28,13.333,31.067,12.11,0.85,0.07,6.21
2002-03-01,16.833,30.695,14.59,0.81,6.5,4.14
2002-03-02,14.667,30.618,18.82,0.67,11.88,2.21
2002-03-03,11.0,30.36,17.96,0.57,1.58,-1.48
2002-03-04,11.833,30.207,17.06,0.71,0.01,1.15
2002-03-05,20.75,29.703,16.48,0.77,0.06,3.5
2002-03-06,17.583,29.41,15.7,0.79,1.1,2.54
2002-03-07,13.333,29.497,15.24,1.26,0.04,4.36
2002-03-08,16.75,29.245,14.92,0.92,0.1,3.89
2002-03-09,13.667,29.203,16.08,1.5,0.0,7.57
2002-03-10,9.833,29.36,16.57,1.14,0.03,6.0
2002-03-11,8.667,29.575,16.8,1.4,0.0,6.57
2002-03-12,16.0,29.505,16.75,1.28,0.0,6.26
2002-03-13,15.833,29.368,16.72,1.16,0.1,5.61
2002-03-14,14.667,29.645,19.76,1.67,6.4,5.42
2002-03-15,21.333,29.382,21.91,1.32,4.77,4.22
2002-03-16,14.167,29.5,21.88,1.23,0.15,4.49
2002-03-17,15.5,29.288,21.59,1.16,1.41,4.4
2002-03-18,9.75,29.471,20.81,1.12,0.01,3.72
2002-03-19,6.417,30.675,20.1,1.23,0.0,4.9
2002-03-20,0.917,31.767,20.33,1.87,0.05,9.04
2002-03-21,10.917,32.322,21.13,2.06,0.0,10.62
2002-03-22,10.917,32.753,22.39,2.95,0.0,11.96
2002-03-23,20.833,32.443,23.39,2.53,0.0,13.54
2002-03-24,18.833,32.223,23.55,2.35,0.0,9.75
2002-03-25,18.5,31.82,23.07,2.6,0.06,8.53
2002-03-26,34.833,30.564,22.15,1.83,0.0,6.39
2002-03-27,32.0,30.086,21.17,2.16,0.0,6.52
2002-03-28,20.083,30.408,21.09,2.21,2.41,5.18
2002-03-29,10.167,30.845,20.56,1.71,0.12,2.98
2002-03-30,12.5,31.013,19.54,1.04,0.18,0.02
2002-03-31,18.25,31.022,18.84,1.81,0.23,4.57
2002-04-01,20.917,30.817,18.18,1.85,0.1,5.97
2002-04-02,19.667,30.681,17.55,2.27,0.01,7.25
2002-04-03,16.25,30.825,23.69,1.4,4.52,4.34
2002-04-04,19.25,31.11,32.1,0.94,22.88,1.16
2002-04-05,22.667,31.202,28.98,1.74,0.39,2.95
2002-04-06,29.75,30.969,30.59,2.46,0.04,6.26
2002-04-07,25.667,30.604,34.2,1.69,26.57,4.87
2002-04-08,12.75,31.513,37.21,1.69,7.54,5.45
2002-04-09,31.5,31.342,38.46,1.34,3.46,4.15
2002-04-10,26.917,31.539,39.47,1.87,3.59,6.88
2002-04-11,37.083,30.957,40.8,1.04,8.92,0.78
2002-04-12,37.833,30.657,41.75,1.63,4.05,4.61
2002-04-13,34.583,30.273,42.21,1.64,1.38,4.73
2002-04-14,19.5,31.213,42.51,2.16,0.68,4.52
2002-04-15,25.667,31.408,42.52,1.63,0.06,2.66
2002-04-16,33.417,30.632,42.22,1.6,0.3,1.97
2002-04-17,37.083,29.54,41.68,2.09,0.02,3.71
2002-04-18,27.417,29.392,41.15,3.3,0.01,7.12
2002-04-19,31.0,28.998,40.71,2.13,1.2,6.25
2002-04-20,19.167,29.428,40.27,2.29,0.32,7.87
2002-04-21,11.167,30.743,39.9,2.78,0.0,9.31
2002-04-22,24.083,30.918,39.65,3.55,0.0,8.7
2002-04-23,25.417,31.185,39.46,3.61,0.0,9.63
2002-04-24,31.333,30.686,39.27,3.54,0.0,10.14
2002-04-25,44.417,29.43,39.11,3.92,0.07,12.93
2002-04-26,27.417,29.379,39.01,3.98,0.0,12.91
2002-04-27,32.083,28.846,38.86,2.99,0.05,12.78
2002-04-28,33.833,29.155,38.52,2.76,0.0,9.08
2002-04-29,42.667,29.47,38.07,3.27,0.0,10.66
2002-04-30,39.75,29.89,37.61,2.56,1.94,8.39
2002-05-01,46.917,29.746,37.21,4.19,0.06,11.34
2002-05-02,35.833,30.575,36.79,2.21,2.94,7.24
2002-05-03,46.25,30.391,36.33,1.86,4.82,2.89
2002-05-04,59.167,28.927,35.9,2.11,4.59,2.98
2002-05-05,49.5,28.48,35.62,2.67,0.16,3.78
2002-05-06,44.917,28.63,35.61,2.58,3.28,4.69
2002-05-07,54.75,27.813,35.35,1.83,4.25,3.02
2002-05-08,51.333,27.308,35.34,2.06,3.05,5.81
2002-05-09,44.5,27.375,36.38,1.93,9.9,6.8
2002-05-10,50.25,27.19,38.63,1.66,13.74,4.88
2002-05-11,52.333,26.997,40.73,2.21,7.22,5.9
2002-05-12,45.75,27.28,41.88,1.74,1.46,4.44
2002-05-13,53.75,27.055,42.5,3.43,0.03,7.77
2002-05-14,50.833,26.995,42.97,4.15,0.01,10.91
2002-05-15,48.083,27.012,43.31,3.74,0.02,11.52
2002-05-16,38.333,27.926,43.5,4.17,0.01,13.38
2002-05-17,43.25,29.365,43.6,4.61,0.0,14.64
2002-05-18,57.167,30.011,43.58,3.03,6.85,10.25
2002-05-19,59.0,30.47,43.64,3.2,0.15,7.18
2002-05-20,58.917,30.585,43.59,4.45,0.0,10.91
2002-05-21,57.667,30.661,43.25,4.67,0.0,12.54
2002-05-22,54.167,30.898,42.93,3.97,1.16,12.85
2002-05-23,55.917,30.995,42.82,2.4,6.95,8.14
2002-05-24,55.0,31.157,42.42,2.9,0.99,5.85
2002-05-25,55.0,31.158,42.03,5.17,0.45,12.82
2002-05-26,55.0,31.482,41.56,3.09,0.08,8.9
2002-05-27,55.083,31.628,40.79,2.95,1.32,7.51
2002-05-28,56.25,31.712,39.97,3.11,0.66,6.22
2002-05-29,58.5,31.62,38.04,4.42,0.05,10.63
2002-05-30,53.0,31.59,31.77,3.73,0.27,12.23
2002-05-31,53.0,31.268,29.77,4.6,0.15,13.99
2002-06-01,,31.368,28.4,4.4,0.04,14.83
2002-06-02,,31.537,26.87,3.75,0.21,14.31
2002-06-03,,31.246,25.47,5.64,0.05,16.85
2002-06-04,,30.773,28.71,3.92,0.87,16.07
2002-06-05,51.0,30.94,47.72,3.14,26.44,12.11
2002-06-06,,31.157,52.22,1.82,14.4,6.14
2002-06-07,49.917,31.097,52.77,2.63,0.14,6.05
2002-06-08,48.5,30.748,54.04,3.11,10.86,8.01
2002-06-09,43.083,30.955,53.75,1.75,6.75,5.53
2002-06-10,44.667,30.962,53.53,3.49,0.13,9.17
2002-06-11,52.083,30.433,53.29,3.2,0.06,11.09
2002-06-12,53.333,30.478,52.79,5.06,0.17,14.02
2002-06-13,57.167,30.675,52.1,5.55,2.11,16.2
2002-06-14,57.75,30.833,51.32,5.37,0.29,16.87
2002-06-15,45.083,31.977,50.33,5.82,0.05,17.28
2002-06-16,57.083,32.06,44.61,5.22,0.06,18.21
2002-06-17,57.917,32.055,43.91,6.06,0.0,18.9
2002-06-18,56.917,31.958,41.81,6.13,0.01,18.89
2002-06-19,55.833,31.444,37.22,4.52,0.05,19.12
2002-06-20,53.167,30.84,35.01,4.76,0.0,18.65
2002-06-21,44.25,30.938,33.0,4.41,0.01,17.59
2002-06-22,46.75,30.81,31.07,5.18,0.0,19.89
2002-06-23,44.167,30.918,29.32,6.15,0.0,20.95
2002-06-24,46.083,30.883,27.89,4.27,0.0,20.23
2002-06-25,46.833,30.805,26.33,4.06,0.0,18.24
2002-06-26,45.167,30.788,24.84,4.55,0.0,18.1
2002-06-27,46.833,29.924,23.44,5.02,0.03,19.43
2002-06-28,42.25,29.187,22.21,5.18,0.01,18.21
2002-06-29,12.583,30.306,21.92,3.84,0.0,14.05
2002-06-30,18.0,30.948,24.94,3.11,7.14,12.7
2002-07-01,7.0,31.211,23.95,2.97,0.02,11.8
2002-07-02,,30.727,23.34,2.97,1.62,12.87
2002-07-03,23.25,31.355,22.43,3.57,0.06,14.36
2002-07-04,26.917,31.356,21.2,4.22,0.0,15.18
2002-07-05,36.583,30.743,20.07,3.39,0.0,13.59
2002-07-06,31.167,30.583,18.96,3.79,0.05,15.6
2002-07-07,21.75,30.948,17.83,3.16,0.02,13.85
2002-07-08,19.667,30.93,17.72,5.41,0.0,17.89
2002-07-09,26.417,31.114,24.78,4.25,9.85,15.77
2002-07-10,20.417,31.925,27.39,3.64,8.79,15.46
2002-07-11,25.333,31.853,28.15,3.7,0.24,14.66
2002-07-12,29.5,31.627,28.9,3.39,0.0,14.74
2002-07-13,33.917,31.249,33.23,3.57,10.82,14.02
2002-07-14,22.25,31.099,31.27,3.55,3.16,10.81
2002-07-15,26.0,30.745,30.57,3.34,0.21,10.42
2002-07-16,39.25,30.517,31.32,3.25,2.71,11.84
2002-07-17,63.667,29.808,30.06,3.54,0.98,13.59
2002-07-18,59.583,29.703,28.4,4.55,0.0,14.65
2002-07-19,55.5,30.002,26.75,5.14,0.0,16.94
2002-07-20,59.333,29.438,25.2,5.8,0.0,19.04
2002-07-21,42.583,30.063,23.85,5.08,0.04,19.33
2002-07-22,58.417,28.64,22.57,5.12,0.0,19.56
2002-07-23,41.083,28.27,21.39,4.53,0.0,18.59
2002-07-24,41.583,27.848,20.47,3.84,0.53,16.06
2002-07-25,37.333,28.02,19.46,4.6,0.01,16.32
2002-07-26,40.333,27.83,18.55,3.99,0.44,16.08
2002-07-27,31.583,28.168,17.53,4.36,0.01,17.5
2002-07-28,16.417,28.285,16.51,5.37,0.0,18.63
2002-07-29,21.667,28.652,16.36,5.38,0.0,19.7
2002-07-30,29.0,28.418,27.93,3.83,4.58,17.73
2002-07-31,,28.002,50.63,3.77,20.55,15.64
2002-08-01,22.917,28.608,40.34,2.95,5.28,12.61
2002-08-02,22.75,28.897,35.75,3.15,0.13,11.93
2002-08-03,31.25,28.723,32.82,3.66,0.04,15.08
2002-08-04,33.333,28.31,31.24,3.43,1.25,15.92
2002-08-05,26.583,28.201,29.93,3.98,0.0,16.4
2002-08-06,30.417,27.137,31.64,3.61,6.72,15.76
2002-08-07,1.833,28.797,31.03,4.09,0.1,13.33
2002-08-08,1.417,30.573,29.61,3.99,0.12,14.64
2002-08-09,17.25,31.191,29.38,2.91,2.19,11.71
2002-08-10,20.167,31.52,28.73,2.62,1.45,10.6
2002-08-11,21.083,31.436,28.0,2.98,1.43,9.86
2002-08-12,12.333,31.712,26.51,3.71,0.05,12.02
2002-08-13,27.083,31.605,25.11,4.43,0.05,15.48
2002-08-14,27.833,31.445,23.68,4.39,0.0,17.34
2002-08-15,25.167,31.5,22.58,5.41,0.33,19.23
2002-08-16,16.5,31.485,22.2,4.41,0.8,17.26
2002-08-17,22.083,31.299,24.59,4.16,5.17,16.54
2002-08-18,22.083,31.101,24.51,4.97,1.27,17.94
2002-08-19,13.417,31.419,26.71,4.5,5.36,18.78
2002-08-20,28.0,31.216,26.42,3.85,0.22,17.11
2002-08-21,19.167,31.398,25.53,3.41,0.76,17.57
2002-08-22,42.083,30.273,29.26,3.27,6.99,16.15
2002-08-23,32.25,30.179,31.37,2.53,3.56,13.62
2002-08-24,34.417,30.081,35.15,2.37,7.98,13.62
2002-08-25,27.167,30.305,36.21,1.98,5.07,11.82
2002-08-26,18.917,30.306,36.57,2.28,3.8,12.25
2002-08-27,29.0,30.94,38.44,1.95,5.72,10.58
2002-08-28,29.5,31.145,37.67,1.83,2.0,8.8
2002-08-29,35.25,30.949,35.76,2.85,0.39,12.55
2002-08-30,37.917,30.585,33.93,2.59,0.12,13.91
2002-08-31,37.417,30.267,32.9,2.68,1.24,14.37
2002-09-01,42.333,29.782,31.62,2.45,0.87,13.09
2002-09-02,44.917,29.71,30.01,2.6,0.01,13.58
2002-09-03,32.583,29.863,29.28,2.6,1.1,13.15
2002-09-04,28.667,30.314,30.15,2.48,2.16,13.41
2002-09-05,34.0,30.173,37.34,2.08,14.52,11.92
2002-09-06,13.583,31.752,35.9,2.11,0.18,10.02
2002-09-07,31.083,31.721,33.51,2.48,0.08,11.52
2002-09-08,31.083,31.07,35.69,2.28,1.38,12.79
2002-09-09,22.667,31.039,53.72,2.01,14.5,12.19
2002-09-10,41.25,30.677,45.44,1.87,0.15,10.22
2002-09-11,43.583,30.433,39.17,2.39,0.03,12.23
2002-09-12,38.667,30.468,36.66,2.32,0.0,13.23
2002-09-13,34.417,30.578,37.13,1.95,3.63,11.41
2002-09-14,29.333,30.829,35.39,1.85,0.11,9.68
2002-09-15,44.333,30.175,33.33,2.79,0.01,12.3
2002-09-16,46.583,30.299,31.49,2.82,0.0,13.81
2002-09-17,30.75,29.835,30.32,2.25,1.24,14.5
2002-09-18,28.417,29.677,30.11,2.0,2.36,14.34
2002-09-19,32.833,29.78,30.29,1.76,1.74,12.74
2002-09-20,30.5,30.038,29.55,2.11,0.0,14.26
2002-09-21,24.833,30.488,31.53,1.99,8.05,14.5
2002-09-22,22.083,30.828,32.0,1.58,1.83,11.41
2002-09-23,14.083,31.115,31.08,1.6,1.44,11.89
2002-09-24,37.25,30.826,29.4,1.41,0.0,7.19
2002-09-25,40.083,29.367,27.73,1.58,0.0,5.55
2002-09-26,39.25,28.433,26.18,2.25,0.01,7.76
2002-09-27,20.417,29.508,24.79,2.19,0.0,9.17
2002-09-28,25.417,30.033,23.45,1.74,0.0,10.37
2002-09-29,28.75,30.132,22.18,2.01,0.0,11.04
2002-09-30,16.75,30.904,21.0,1.56,0.0,11.23
2002-10-01,36.333,30.707,19.86,1.44,0.0,11.55
2002-10-02,40.0,30.448,20.63,1.28,0.42,11.09
2002-10-03,39.583,30.294,22.76,0.85,6.68,7.06
2002-10-04,34.083,30.098,21.73,1.12,0.2,9.97
2002-10-05,23.667,29.898,20.58,1.17,0.07,10.95
2002-10-06,19.25,30.457,19.44,1.21,0.0,11.33
2002-10-07,13.083,30.637,18.36,1.49,0.0,11.01
2002-10-08,34.083,29.283,17.38,1.53,0.0,9.38
2002-10-09,14.333,29.305,23.53,1.19,4.57,11.51
2002-10-10,29.25,29.308,49.37,0.71,21.0,6.7
2002-10-11,32.333,29.918,41.32,0.76,8.8,6.0
2002-10-12,35.167,29.633,38.91,1.06,1.85,8.51
2002-10-13,25.083,29.265,37.08,1.11,0.27,8.85
2002-10-14,15.167,29.879,35.22,1.18,0.0,10.37
2002-10-15,17.25,31.221,33.38,1.14,0.0,10.72
2002-10-16,20.5,31.529,31.62,1.2,0.0,11.64
2002-10-17,25.0,31.17,30.35,0.92,0.74,10.91
2002-10-18,13.833,30.957,29.26,0.71,0.83,5.0
2002-10-19,14.417,30.969,27.84,0.65,0.0,5.35
2002-10-20,40.333,30.2,26.34,0.6,0.0,7.72
2002-10-21,31.667,30.453,27.55,1.24,1.51,12.96
2002-10-22,17.083,32.045,32.09,0.63,9.42,8.29
2002-10-23,19.0,32.136,30.86,0.53,0.57,6.62
2002-10-24,29.083,31.325,29.87,0.58,1.15,5.68
2002-10-25,19.5,31.39,28.26,0.39,0.01,5.25
2002-10-26,24.167,31.539,26.72,0.51,0.0,9.28
2002-10-27,15.5,31.933,25.29,0.6,0.05,10.35
2002-10-28,21.083,31.515,23.98,0.63,0.06,11.32
2002-10-29,21.917,31.348,22.7,0.4,0.0,9.97
2002-10-30,21.0,31.32,21.47,0.66,0.0,10.4
2002-10-31,20.75,31.335,20.52,0.44,0.35,8.62
2002-11-01,18.083,31.518,19.79,0.46,0.52,6.86
2002-11-02,18.75,31.811,18.82,0.26,0.01,8.27
2002-11-03,18.167,32.681,17.85,0.4,0.12,10.84
2002-11-04,40.167,31.157,17.07,0.59,0.24,10.22
2002-11-05,19.833,29.927,16.2,0.35,0.02,5.15
2002-11-06,17.417,28.745,15.36,0.47,0.0,6.07
2002-11-07,10.75,28.252,15.26,0.49,2.65,6.6
2002-11-08,10.167,28.248,15.5,0.59,5.04,1.9
2002-11-09,34.167,27.821,15.82,0.55,0.99,4.83
2002-11-10,36.0,27.247,18.38,0.97,1.74,9.66
2002-11-11,,29.325,19.23,0.38,0.02,8.92
2002-11-12,30.667,29.5,18.58,0.3,0.04,7.03
2002-11-13,37.083,29.742,18.49,0.02,1.96,3.41
2002-11-14,28.25,31.201,22.1,0.05,8.12,4.15
2002-11-15,41.917,31.328,25.77,0.34,7.94,2.43
2002-11-16,41.417,31.313,25.05,0.17,0.11,0.09
2002-11-17,45.0,30.25,23.73,0.07,0.02,1.94
2002-11-18,34.583,30.217,22.55,0.13,0.0,2.07
2002-11-19,41.083,29.815,21.54,0.14,0.07,2.33
2002-11-20,40.667,29.513,23.64,0.22,1.1,4.64
2002-11-21,26.583,30.42,28.86,0.29,10.77,2.7
2002-11-22,33.75,30.34,28.38,0.06,4.52,1.15
2002-11-23,41.583,30.691,28.33,0.17,3.56,2.67
2002-11-24,37.0,30.915,32.6,0.1,9.48,3.31
2002-11-25,37.333,30.872,35.59,0.3,10.48,1.74
2002-11-26,41.083,31.01,34.32,0.08,0.32,2.07
2002-11-27,42.167,31.01,33.05,0.4,0.24,5.25
2002-11-28,44.5,30.939,31.85,0.41,0.02,5.84
2002-11-29,50.833,29.986,30.58,0.05,0.6,1.59
2002-11-30,57.667,28.1,29.11,0.22,1.07,2.59
2002-12-01,30.417,28.568,28.61,0.24,2.47,2.63
2002-12-02,13.417,30.192,30.61,0.24,6.44,2.46
2002-12-03,19.083,31.356,29.9,0.18,7.09,0.74
2002-12-04,31.25,31.734,28.46,0.18,0.54,-0.3
2002-12-05,35.75,31.427,27.42,0.24,2.1,1.75
2002-12-06,53.417,29.967,26.14,0.41,1.35,-1.28
2002-12-07,36.25,29.933,24.83,0.39,0.55,-0.52
2002-12-08,38.5,29.891,23.54,0.07,0.01,-2.07
2002-12-09,34.917,30.267,22.34,0.03,0.04,-2.52
2002-12-10,55.167,29.448,24.18,0.08,4.06,-0.88
2002-12-11,45.833,29.295,24.79,0.05,12.24,0.46
2002-12-12,43.25,29.175,24.45,0.04,3.17,-0.22
2002-12-13,35.083,29.707,23.49,0.02,0.18,-0.82
2002-12-14,35.667,30.171,22.69,0.1,0.21,0.36
2002-12-15,32.167,30.774,22.07,0.0,1.44,0.15
2002-12-16,33.583,31.125,21.32,0.0,0.06,-0.15
2002-12-17,27.333,29.603,21.72,0.33,0.04,4.28
2002-12-18,10.75,29.072,22.63,0.38,0.86,3.79
2002-12-19,30.917,27.743,22.99,0.16,0.05,5.39
2002-12-20,40.0,27.547,22.85,0.31,0.09,4.22
2002-12-21,29.917,28.6,22.47,0.19,0.03,4.3
2002-12-22,37.583,28.573,22.0,0.15,0.0,5.59
2002-12-23,13.5,29.457,21.93,0.28,0.0,6.55
2002-12-24,40.5,29.047,21.48,0.19,0.0,5.59
2002-12-25,33.083,28.617,20.62,0.13,0.0,3.76
2002-12-26,14.833,28.97,19.76,0.16,0.01,3.93
2002-12-27,45.417,28.322,19.96,0.15,0.0,4.83
2002-12-28,38.25,28.478,23.95,0.22,10.67,3.33
2002-12-29,29.833,28.711,24.01,0.28,1.0,2.96
2002-12-30,28.75,29.16,23.24,0.19,0.07,3.93
2002-12-31,36.833,29.157,22.74,0.21,1.75,1.47
2003-01-01,34.75,29.102,22.08,0.46,2.21,2.78
2003-01-02,32.0,28.818,21.34,0.29,0.14,4.97
2003-01-03,33.25,29.072,21.78,0.09,2.6,5.32
2003-01-04,45.583,28.47,21.84,0.09,0.29,3.09
2003-01-05,28.917,29.07,20.87,0.3,0.1,1.6
2003-01-06,17.75,30.951,20.73,0.17,7.24,-1.87
2003-01-07,27.333,32.231,19.85,0.22,3.06,-5.05
2003-01-08,41.667,31.703,18.76,0.09,0.04,-3.72
2003-01-09,38.583,31.812,17.78,0.13,0.34,-2.37
2003-01-10,44.333,31.51,16.92,0.01,0.0,-2.96
2003-01-11,37.25,31.584,16.29,0.14,0.01,-3.23
2003-01-12,38.083,31.296,15.6,0.07,0.0,-5.59
2003-01-13,19.0,32.443,14.96,0.12,0.0,-7.75
2003-01-14,40.917,32.206,14.79,0.28,0.0,-2.71
2003-01-15,39.333,31.72,15.31,0.68,0.0,3.57
2003-01-16,32.75,31.712,15.21,0.19,0.0,-0.98
2003-01-17,41.0,31.548,14.85,0.15,0.0,-0.6
2003-01-18,39.833,30.783,14.33,0.1,0.0,-1.39
2003-01-19,26.75,31.035,14.0,0.38,0.51,4.2
2003-01-20,23.75,31.023,14.02,0.16,1.85,-1.78
2003-01-21,21.333,31.523,13.98,0.08,3.71,0.19
2003-01-22,25.167,31.79,13.82,0.09,0.72,-0.24
2003-01-23,27.833,31.88,13.46,0.2,0.28,1.64
2003-01-24,36.25,31.654,13.15,0.25,0.46,-0.13
2003-01-25,27.917,31.554,12.67,0.56,0.38,0.9
2003-01-26,26.917,31.14,12.82,1.16,0.0,4.71
2003-01-27,25.833,30.93,15.15,0.9,6.17,4.93
2003-01-28,24.75,31.014,18.14,0.81,0.31,8.08
2003-01-29,32.917,30.705,18.71,0.73,0.76,4.87
2003-01-30,32.833,30.357,17.95,0.19,3.3,-1.79
2003-01-31,41.0,29.552,18.01,0.35,7.36,-4.67
2003-02-01,29.75,29.603,16.33,0.26,0.07,-6.71
2003-02-02,27.583,29.845,15.88,0.72,0.23,-0.61
2003-02-03,33.083,29.821,15.93,0.4,0.07,2.38
2003-02-04,23.25,30.147,16.22,0.36,2.9,1.59
2003-02-05,26.0,29.995,16.11,0.34,9.93,-2.17
2003-02-06,26.083,29.918,15.21,0.55,0.44,-1.09
2003-02-07,27.75,29.63,14.61,0.17,0.0,-2.34
2003-02-08,35.417,29.263,14.15,0.19,0.0,-1.26
2003-02-09,29.083,30.154,13.98,0.36,0.0,0.97
2003-02-10,31.083,31.158,13.96,0.41,0.06,1.78
2003-02-11,43.25,30.728,13.47,0.35,0.02,-1.34
2003-02-12,45.083,30.003,13.02,0.41,0.03,2.08
2003-02-13,35.25,30.728,12.79,0.44,0.11,2.03
2003-02-14,39.0,30.958,12.83,0.43,1.2,-0.51
2003-02-15,48.5,30.129,12.58,0.37,1.11,-2.82
2003-02-16,32.083,30.926,12.17,0.3,1.43,-6.63
2003-02-17,33.75,31.325,11.74,0.36,0.04,-5.65
2003-02-18,42.0,31.393,11.17,0.32,0.13,-8.19
2003-02-19,44.583,31.292,11.12,0.42,0.25,-3.93
2003-02-20,69.583,28.743,11.32,0.48,6.58,-1.76
2003-02-21,33.333,29.515,11.17,0.46,3.09,-3.41
2003-02-22,48.417,29.049,11.63,0.47,0.44,0.16
2003-02-23,52.417,28.14,11.7,0.52,0.05,1.35
2003-02-24,44.917,28.008,12.31,0.55,0.75,3.58
2003-02-25,33.167,29.099,13.14,0.66,0.38,2.03
2003-02-26,35.0,30.625,19.56,0.67,6.94,1.97
2003-02-27,,31.783,30.45,0.58,17.36,1.15
2003-02-28,,31.715,27.33,0.63,1.59,2.21
2003-03-01,66.25,30.713,25.65,0.72,0.03,3.37
2003-03-02,47.333,31.196,24.97,0.69,0.0,3.53
2003-03-03,50.333,31.285,25.72,0.75,0.66,4.13
2003-03-04,46.167,31.329,30.37,0.85,5.19,5.02
2003-03-05,78.25,28.757,31.58,1.4,0.03,8.99
2003-03-06,46.917,28.516,33.62,1.12,3.25,7.74
2003-03-07,36.667,29.78,33.4,0.89,0.04,3.4
2003-03-08,53.583,29.794,32.87,1.16,0.0,5.86
2003-03-09,38.667,31.186,32.18,0.99,0.0,5.67
2003-03-10,47.167,31.444,32.31,1.94,0.0,8.06
2003-03-11,57.75,31.274,32.79,2.0,0.0,8.26
2003-03-12,35.25,32.491,33.58,1.85,0.0,9.37
2003-03-13,59.0,32.091,34.75,2.02,0.01,10.43
2003-03-14,49.25,32.355,35.29,1.68,0.02,8.4
2003-03-15,63.75,31.378,35.13,1.34,0.0,7.24
2003-03-16,69.333,29.763,34.18,1.12,0.61,3.83
2003-03-17,40.833,30.397,32.61,1.46,0.03,-0.51
2003-03-18,49.25,29.753,31.5,1.92,0.0,5.24
2003-03-19,42.333,30.297,30.61,1.6,0.63,2.91
2003-03-20,55.5,29.883,29.58,2.09,0.01,5.99
2003-03-21,39.333,30.618,28.86,2.3,0.0,5.74
2003-03-22,43.417,31.037,28.36,1.86,0.0,5.73
2003-03-23,48.5,30.964,27.44,1.72,0.0,4.3
2003-03-24,53.083,30.478,26.82,1.93,0.0,5.51
2003-03-25,42.167,30.758,26.58,2.12,0.0,6.29
2003-03-26,35.417,31.62,26.42,2.1,0.0,6.62
2003-03-27,60.25,30.563,26.77,2.09,0.09,8.18
2003-03-28,41.583,31.071,48.62,1.29,10.03,5.37
2003-03-29,48.083,31.382,44.7,0.94,9.66,4.16
2003-03-30,49.0,31.101,39.03,1.17,1.1,5.66
2003-03-31,,31.387,36.96,1.35,0.35,4.44
2003-04-01,57.5,30.835,36.51,1.66,2.21,6.68
2003-04-02,42.25,31.164,36.56,1.76,0.15,7.77
2003-04-03,55.25,30.603,36.53,1.1,7.86,1.96
2003-04-04,48.167,31.158,35.04,1.47,1.88,-1.61
2003-04-05,60.75,30.82,34.41,2.12,0.05,1.05
2003-04-06,58.0,31.058,35.86,3.01,0.0,7.03
2003-04-07,58.417,31.222,35.58,3.04,0.16,6.52
2003-04-08,63.25,30.713,34.84,2.56,0.15,6.56
2003-04-09,66.333,29.672,33.75,1.52,0.18,3.1
2003-04-10,69.5,28.655,38.1,1.64,8.76,2.89
2003-04-11,62.417,28.278,36.07,1.96,0.31,4.4
2003-04-12,45.75,29.603,34.32,1.5,1.16,1.89
2003-04-13,52.583,30.001,32.73,1.8,0.0,3.06
2003-04-14,41.333,31.446,33.23,3.24,0.01,10.02
2003-04-15,85.25,29.222,33.54,2.1,0.87,8.08
2003-04-16,45.667,30.63,33.51,2.07,0.32,7.99
2003-04-17,63.167,30.241,32.83,2.07,0.02,7.42
2003-04-18,54.833,30.794,32.36,2.04,0.49,7.27
2003-04-19,65.583,30.573,32.36,2.63,0.15,9.12
2003-04-20,80.083,28.982,32.52,1.68,1.56,6.45
2003-04-21,49.583,30.389,32.31,1.16,2.83,2.33
2003-04-22,65.0,30.047,31.72,2.27,0.4,6.25
2003-04-23,43.583,31.238,31.27,2.65,0.0,8.11
2003-04-24,50.5,31.43,31.15,2.77,0.0,8.72
2003-04-25,57.0,31.223,31.32,2.95,0.0,10.33
2003-04-26,66.583,30.183,32.01,3.04,0.0,11.73
2003-04-27,50.667,30.468,31.92,1.83,1.09,6.6
2003-04-28,48.25,30.849,31.65,3.59,0.0,10.14
2003-04-29,63.417,30.186,32.29,3.17,0.0,12.2
2003-04-30,77.583,27.813,33.91,2.98,1.99,12.54
2003-05-01,62.417,27.573,33.78,1.96,0.05,7.3
2003-05-02,66.917,26.812,32.56,2.83,0.0,8.84
2003-05-03,66.083,25.531,31.79,3.12,0.03,9.85
2003-05-04,70.75,27.025,31.27,3.71,0.0,10.83
2003-05-05,110.75,27.772,31.74,4.36,0.0,13.31
2003-05-06,97.333,29.494,37.58,2.18,6.75,10.46
2003-05-07,101.0,31.343,49.25,1.78,13.06,8.2
2003-05-08,103.75,32.993,54.43,2.02,7.94,7.14
2003-05-09,133.667,32.543,53.31,1.84,1.76,6.39
2003-05-10,130.917,31.892,52.02,2.57,0.69,9.84
2003-05-11,139.0,30.402,50.85,2.63,0.81,10.18
2003-05-12,118.417,30.679,49.85,2.92,2.78,10.23
2003-05-13,134.667,29.748,48.79,3.14,0.01,11.21
2003-05-14,138.333,29.445,44.06,2.11,0.07,8.82
2003-05-15,98.5,31.032,38.33,2.77,0.0,8.66
2003-05-16,104.0,28.679,38.39,3.68,0.01,9.14
2003-05-17,,30.43,46.81,2.63,9.34,9.69
2003-05-18,,30.399,46.73,3.07,0.2,9.84
2003-05-19,,30.017,45.79,4.17,0.0,13.21
2003-05-20,139.667,29.497,44.81,3.23,1.47,11.35
2003-05-21,113.167,28.808,41.58,3.44,0.04,8.76
2003-05-22,101.0,27.792,35.43,3.48,0.04,10.25
2003-05-23,69.75,28.808,33.83,4.07,0.08,13.02
2003-05-24,89.417,27.825,37.35,5.55,0.0,15.3
2003-05-25,94.0,29.421,49.85,2.37,27.28,8.17
2003-05-26,,30.481,51.88,2.04,1.17,5.55
2003-05-27,112.5,28.733,51.67,1.99,2.51,6.01
2003-05-28,115.167,28.718,51.25,3.05,0.0,10.62
2003-05-29,82.333,28.483,50.86,4.53,0.0,12.88
2003-05-30,68.333,30.956,50.37,4.91,0.1,14.76
2003-05-31,114.083,30.104,49.7,5.04,0.2,16.1
2003-06-01,93.333,31.043,49.08,4.43,2.68,15.34
2003-06-02,102.0,32.167,48.46,4.1,0.74,14.54
2003-06-03,151.0,29.573,47.75,3.12,2.63,13.99
2003-06-04,84.667,29.24,46.97,3.31,0.08,13.17
2003-06-05,83.417,30.037,46.22,3.04,0.22,14.78
2003-06-06,107.417,28.983,45.36,2.09,3.89,10.21
2003-06-07,77.417,27.437,44.39,4.09,0.03,14.0
2003-06-08,59.25,28.396,43.5,5.69,2.91,15.98
2003-06-09,51.833,29.828,42.92,3.17,4.44,15.65
2003-06-10,65.167,31.427,42.34,4.98,0.0,16.7
2003-06-11,108.5,29.834,41.6,5.16,0.03,18.06
2003-06-12,79.917,28.332,40.85,4.8,1.49,18.44
2003-06-13,66.25,28.353,40.64,3.82,4.43,17.38
2003-06-14,46.417,29.607,40.08,5.54,0.14,18.74
2003-06-15,41.167,30.928,39.47,5.57,2.66,20.12
2003-06-16,55.417,31.253,38.75,4.09,2.36,17.66
2003-06-17,69.833,30.195,39.25,4.96,2.23,15.6
2003-06-18,56.167,30.347,41.15,3.73,10.69,15.98
2003-06-19,48.0,31.402,40.93,3.23,0.05,15.51
2003-06-20,59.583,31.205,40.24,6.24,0.0,17.49
2003-06-21,65.667,29.839,38.49,6.47,0.0,20.08
2003-06-22,59.583,28.818,32.05,6.15,0.0,20.17
2003-06-23,35.5,29.654,29.93,6.35,0.0,18.83
2003-06-24,60.0,28.288,28.34,4.71,0.0,20.13
2003-06-25,29.417,29.604,26.84,5.24,0.0,20.43
2003-06-26,53.75,28.651,27.23,4.43,3.21,19.52
2003-06-27,29.917,29.768,28.85,3.26,0.97,18.62
2003-06-28,40.417,29.815,37.86,3.72,12.3,16.85
2003-06-29,45.0,29.405,38.34,3.9,1.28,15.95
2003-06-30,44.917,29.112,37.45,5.53,0.02,18.0
2003-07-01,43.917,28.9,31.55,3.96,0.0,14.44
2003-07-02,42.083,28.843,28.85,3.73,0.0,13.55
2003-07-03,32.167,29.41,27.29,2.95,0.0,12.48
2003-07-04,33.667,29.188,25.68,2.84,0.03,11.14
2003-07-05,31.417,29.144,24.54,3.95,0.0,13.63
2003-07-06,46.25,29.001,24.2,3.57,1.23,14.6
2003-07-07,38.667,29.323,26.98,3.67,7.04,14.61
2003-07-08,45.083,29.188,25.88,5.03,0.01,17.45
2003-07-09,34.25,29.94,27.65,4.78,4.74,17.89
2003-07-10,26.5,31.308,28.64,3.4,3.46,15.14
2003-07-11,31.75,31.825,27.14,5.21,0.02,17.87
2003-07-12,28.833,31.668,26.36,5.79,0.42,19.54
2003-07-13,26.75,31.737,26.98,5.19,2.24,18.91
2003-07-14,24.0,31.549,25.95,4.5,1.23,19.11
2003-07-15,,31.072,25.51,4.14,1.72,18.32
2003-07-16,24.833,30.798,24.71,4.79,0.16,17.2
2003-07-17,12.917,31.217,23.38,3.65,0.0,15.17
2003-07-18,23.25,31.158,21.92,4.37,0.0,16.04
2003-07-19,28.917,30.541,20.59,6.18,0.0,19.08
2003-07-20,58.333,27.663,19.57,6.17,0.0,20.24
2003-07-21,29.0,27.419,18.79,4.28,0.46,19.02
2003-07-22,,28.15,17.94,4.24,0.04,19.29
2003-07-23,14.083,29.108,17.11,3.87,0.0,18.89
2003-07-24,15.833,29.92,17.6,4.19,3.19,17.28
2003-07-25,24.25,29.42,17.29,3.65,0.44,16.37
2003-07-26,15.083,30.016,16.29,4.89,0.0,18.12
2003-07-27,5.0,30.587,15.42,5.24,0.0,19.6
2003-07-28,,31.363,14.72,3.68,0.07,18.09
2003-07-29,15.167,31.853,13.86,3.42,0.0,16.72
2003-07-30,17.5,31.989,12.98,5.3,0.0,17.83
2003-07-31,23.667,31.806,12.33,5.17,0.17,18.61
2003-08-01,30.917,31.039,11.81,4.77,0.23,18.07
2003-08-02,28.917,30.322,11.17,5.79,0.0,19.5
2003-08-03,16.583,29.76,10.59,5.59,0.0,20.9
2003-08-04,12.083,29.528,11.25,5.77,2.08,21.06
2003-08-05,13.417,30.617,11.02,5.87,0.01,20.72
2003-08-06,19.167,30.668,10.81,5.35,0.65,20.94
2003-08-07,31.5,30.332,10.54,5.45,0.13,21.85
2003-08-08,26.25,30.578,10.91,4.22,1.34,19.7
2003-08-09,28.333,30.571,10.73,3.62,0.41,17.85
2003-08-10,20.333,30.851,10.25,4.4,0.07,20.09
2003-08-11,14.333,31.436,10.16,4.61,0.72,20.04
2003-08-12,29.583,31.666,10.16,5.25,0.21,21.49
2003-08-13,35.833,31.056,10.14,4.76,0.84,21.43
2003-08-14,33.5,30.888,10.16,5.32,0.02,21.54
2003-08-15,27.333,30.809,10.2,4.0,0.02,21.3
2003-08-16,20.0,31.324,10.22,3.07,0.0,19.33
2003-08-17,,31.078,15.05,3.03,1.08,18.02
2003-08-18,17.75,31.502,19.48,2.47,13.28,14.14
2003-08-19,37.333,31.492,17.06,3.99,0.42,16.96
2003-08-20,40.333,31.093,15.91,4.71,0.13,18.97
2003-08-21,32.417,31.386,25.27,3.28,4.41,17.86
2003-08-22,26.75,31.773,23.26,2.61,4.84,15.83
2003-08-23,34.917,31.69,20.77,3.25,1.2,16.84
2003-08-24,33.583,31.721,19.14,3.77,0.01,18.39
2003-08-25,30.083,32.021,17.97,3.42,0.27,17.69
2003-08-26,42.083,31.527,17.04,4.04,0.0,17.78
2003-08-27,41.583,30.896,16.03,2.99,0.0,17.56
2003-08-28,26.833,31.607,15.22,4.04,0.05,18.48
2003-08-29,35.833,31.414,18.17,2.94,6.16,16.2
2003-08-30,33.0,30.9,18.73,2.86,0.03,13.45
2003-08-31,23.083,32.005,18.13,2.98,1.45,14.95
2003-09-01,34.917,32.032,20.53,2.17,6.78,13.31
2003-09-02,34.25,31.715,25.49,1.79,6.33,12.59
2003-09-03,36.667,31.688,27.86,1.51,6.28,9.17
2003-09-04,33.417,31.977,31.47,2.46,0.16,13.35
2003-09-05,37.583,31.797,38.35,1.88,24.18,11.95
2003-09-06,33.917,32.552,40.22,2.26,5.44,13.54
2003-09-07,41.333,31.496,42.56,2.08,2.43,13.8
2003-09-08,13.167,31.824,45.31,1.31,15.7,10.08
2003-09-09,26.667,32.253,46.6,1.68,3.82,10.52
2003-09-10,34.0,31.478,48.31,1.68,10.54,9.25
2003-09-11,,29.987,49.62,2.84,0.04,13.55
2003-09-12,31.917,30.753,50.26,2.52,0.01,15.0
2003-09-13,52.083,29.927,50.4,2.37,0.0,14.78
2003-09-14,42.333,30.105,50.11,2.33,0.0,14.92
2003-09-15,45.417,29.973,49.5,2.47,0.0,12.39
2003-09-16,38.917,30.37,48.61,2.55,0.0,10.79
2003-09-17,37.667,30.787,44.78,3.12,0.0,13.28
2003-09-18,36.417,31.625,38.01,2.93,0.0,14.55
2003-09-19,60.917,30.308,35.72,2.78,0.0,14.43
2003-09-20,38.75,30.927,33.78,2.84,0.0,13.26
2003-09-21,45.75,30.719,32.1,2.28,0.0,13.92
2003-09-22,33.333,31.257,33.95,2.25,4.71,15.22
2003-09-23,48.0,31.177,36.1,1.62,5.89,12.02
2003-09-24,50.333,30.476,33.98,1.36,0.1,10.88
2003-09-25,72.083,28.146,31.99,1.74,0.0,11.88
2003-09-26,30.417,29.658,30.22,2.15,0.0,12.81
2003-09-27,45.75,29.876,40.81,1.55,1.88,13.63
2003-09-28,42.833,30.185,48.51,1.03,13.04,10.55
2003-09-29,41.5,30.457,47.19,1.21,3.85,11.05
2003-09-30,46.917,30.422,39.81,1.29,0.27,11.21
2003-10-01,45.5,30.412,46.61,1.14,5.53,10.92
2003-10-02,39.083,31.204,47.42,1.55,0.94,12.47
2003-10-03,29.75,30.987,46.85,1.35,4.11,10.91
2003-10-04,38.25,31.086,46.25,1.43,0.64,11.03
2003-10-05,41.167,31.222,45.47,1.11,0.72,9.51
2003-10-06,43.667,30.836,44.59,0.98,0.21,3.43
2003-10-07,50.583,30.574,38.96,1.27,0.0,7.32
2003-10-08,44.417,30.275,34.53,1.65,0.12,11.83
2003-10-09,28.667,31.542,32.73,1.03,0.11,9.57
2003-10-10,46.833,30.99,30.93,1.17,0.0,11.49
2003-10-11,44.0,30.842,29.23,1.36,0.0,11.88
2003-10-12,34.917,31.612,27.68,1.7,0.0,11.9
2003-10-13,55.5,30.785,26.79,0.89,0.3,10.39
2003-10-14,48.75,30.747,30.0,0.85,5.25,10.47
2003-10-15,36.75,31.479,29.3,0.79,1.33,8.4
2003-10-16,56.083,30.498,28.07,0.81,0.54,9.81
2003-10-17,55.25,29.998,33.24,0.77,5.35,8.04
2003-10-18,36.167,31.017,36.74,0.71,11.64,7.69
2003-10-19,37.583,31.789,42.46,0.73,1.46,7.96
2003-10-20,34.25,31.818,47.27,0.61,21.03,6.39
2003-10-21,47.333,30.849,47.53,0.52,0.43,5.25
2003-10-22,38.75,30.531,47.34,0.5,0.17,5.51
2003-10-23,25.0,31.592,47.01,0.33,4.49,2.78
2003-10-24,,30.956,46.41,0.53,0.59,2.92
2003-10-25,27.25,31.604,45.61,0.37,0.16,0.1
2003-10-26,50.333,30.74,45.4,0.54,0.71,3.54
2003-10-27,32.0,31.173,45.02,0.54,8.57,1.7
2003-10-28,32.833,31.684,45.45,0.45,5.42,4.8
2003-10-29,42.25,32.269,46.17,0.35,10.58,4.52
2003-10-30,42.583,31.473,46.22,0.38,1.38,3.49
2003-10-31,17.0,31.166,49.02,0.41,13.91,4.02
2003-11-01,28.917,31.181,53.11,0.39,11.1,1.8
2003-11-02,39.083,30.969,54.33,0.33,0.55,4.14
2003-11-03,38.833,30.152,54.56,0.31,0.16,5.12
2003-11-04,25.0,29.723,54.38,0.41,0.14,7.57
2003-11-05,12.833,29.002,53.94,0.58,0.1,7.87
2003-11-06,0.667,29.273,53.3,0.44,0.06,7.95
2003-11-07,7.833,28.908,52.5,0.38,0.04,9.43
2003-11-08,5.5,28.904,51.71,0.51,0.03,7.2
2003-11-09,0.0,29.198,53.36,0.23,8.37,6.84
2003-11-10,0.333,30.089,56.15,0.32,17.54,5.66
2003-11-11,4.833,31.063,57.87,0.12,5.46,7.23
2003-11-12,13.5,31.325,58.01,0.1,0.3,6.36
2003-11-13,8.25,31.386,57.9,0.32,0.54,5.31
2003-11-14,11.0,31.073,57.43,0.08,0.14,4.6
2003-11-15,10.25,30.454,56.78,0.27,0.09,3.43
2003-11-16,2.417,30.8,57.65,0.34,8.65,3.59
2003-11-17,8.0,31.496,57.77,0.36,5.97,4.58
2003-11-18,18.5,31.084,57.17,0.36,0.05,6.39
2003-11-19,12.667,30.834,56.35,0.49,0.0,8.8
2003-11-20,9.0,30.236,55.38,0.45,0.08,9.27
2003-11-21,8.583,30.176,54.27,0.25,0.02,6.87
2003-11-22,3.667,30.811,53.17,0.22,1.64,6.35
2003-11-23,0.917,31.671,52.49,0.18,3.83,5.59
2003-11-24,12.667,31.774,53.57,0.15,18.47,3.61
2003-11-25,29.167,31.063,54.04,0.1,1.0,3.31
2003-11-26,9.583,31.345,54.03,0.11,0.3,2.72
2003-11-27,19.417,31.521,54.29,0.13,7.54,2.61
2003-11-28,54.667,30.1,53.81,0.17,2.9,0.64
2003-11-29,29.75,30.829,53.09,0.2,0.22,2.71
2003-11-30,39.0,30.849,52.34,0.13,0.29,4.91
2003-12-01,52.833,30.808,53.02,0.06,7.61,4.01
2003-12-02,86.583,31.62,53.85,0.26,9.87,0.96
2003-12-03,110.167,31.594,54.01,0.01,0.12,-0.17
2003-12-04,61.333,31.903,56.03,0.12,16.2,-2.19
2003-12-05,109.0,31.555,55.42,0.18,5.23,0.32
2003-12-06,,31.411,54.52,0.19,0.82,2.76
2003-12-07,99.25,30.816,53.64,0.05,0.1,2.43
2003-12-08,64.0,31.329,52.74,0.05,2.22,2.26
2003-12-09,123.0,30.892,51.68,0.07,0.07,-0.36
2003-12-10,47.5,31.919,46.91,0.06,0.07,-0.32
2003-12-11,63.167,31.44,41.29,0.17,0.01,0.62
2003-12-12,54.833,31.751,40.07,0.29,0.12,3.66
2003-12-13,63.333,31.463,41.97,0.27,0.07,7.67
2003-12-14,56.333,31.712,48.27,0.22,0.17,8.69
2003-12-15,59.583,31.674,48.12,0.26,0.49,7.05
2003-12-16,55.833,31.854,47.14,0.67,0.03,5.66
2003-12-17,64.5,31.671,46.05,0.68,0.0,5.15
2003-12-18,59.583,31.813,39.54,0.31,0.02,2.22
2003-12-19,66.0,31.475,36.98,0.22,2.29,0.54
2003-12-20,,31.195,35.2,0.15,0.65,-0.06
2003-12-21,,31.245,33.48,0.12,0.0,1.34
2003-12-22,62.167,31.238,32.04,0.07,0.17,1.73
2003-12-23,52.5,31.74,30.32,0.31,0.75,-3.19
2003-12-24,47.417,31.999,28.75,0.54,0.24,-0.89
2003-12-25,52.5,31.983,27.51,0.19,0.67,2.13
2003-12-26,57.667,31.504,26.28,0.42,0.0,3.94
2003-12-27,53.917,31.519,25.29,0.26,0.0,2.56
2003-12-28,53.25,31.373,24.58,0.06,0.17,0.96
2003-12-29,55.25,31.368,24.17,0.21,4.55,-0.75
2003-12-30,47.0,31.929,22.95,0.1,1.57,-2.03
2003-12-31,,31.808,22.36,0.35,1.91,1.5
2004-01-01,63.917,31.152,21.73,0.2,2.88,-2.73
2004-01-02,52.417,31.345,20.86,0.22,3.01,-1.62
2004-01-03,56.917,30.966,20.14,0.4,1.83,-0.67
2004-01-04,55.417,30.872,19.32,0.21,0.0,-2.14
2004-01-05,49.583,31.345,19.31,0.5,0.02,3.31
2004-01-06,55.333,31.034,19.86,0.75,0.0,6.37
2004-01-07,48.667,31.61,20.12,0.46,0.0,5.16
2004-01-08,55.833,31.42,19.46,0.33,0.0,1.71
2004-01-09,53.25,31.253,18.81,0.58,0.09,4.3
2004-01-10,46.333,31.857,18.76,0.3,1.27,4.95
2004-01-11,60.25,31.357,19.55,0.27,0.16,6.47
2004-01-12,52.417,31.46,19.52,0.1,0.05,5.33
2004-01-13,56.667,31.345,18.93,0.15,0.03,4.1
2004-01-14,53.167,31.299,18.58,0.22,0.01,6.33
2004-01-15,54.583,31.13,17.96,0.18,0.39,2.27
2004-01-16,50.167,31.435,17.12,0.37,0.03,0.91
2004-01-17,51.833,31.388,16.25,0.3,0.03,2.16
2004-01-18,50.083,31.498,15.66,0.21,3.61,0.69
2004-01-19,51.833,31.409,15.19,0.32,2.02,-1.19
2004-01-20,60.75,30.665,14.64,0.61,0.2,-0.14
2004-01-21,56.583,30.024,14.55,0.38,0.13,1.8
2004-01-22,41.667,31.232,14.79,0.38,0.08,4.31
2004-01-23,48.833,31.022,16.87,0.29,3.51,4.45
2004-01-24,47.667,31.475,22.27,0.28,6.11,5.93
2004-01-25,54.667,31.168,23.36,0.19,5.07,5.36
2004-01-26,50.167,30.956,21.37,0.24,1.24,2.25
2004-01-27,41.25,31.743,20.76,0.28,1.99,2.26
2004-01-28,45.417,31.958,19.89,0.25,0.37,-0.11
2004-01-29,60.25,31.166,18.76,0.18,0.06,-1.31
2004-01-30,51.75,30.854,17.74,0.35,0.1,-1.01
2004-01-31,49.917,30.79,16.79,0.22,0.0,-0.33
2004-02-01,58.25,30.468,16.03,0.27,0.0,2.83
2004-02-02,39.667,31.232,15.71,0.32,0.0,5.88
2004-02-03,47.083,31.32,15.69,0.55,0.0,6.4
2004-02-04,44.0,31.393,16.09,0.48,0.0,7.84
2004-02-05,4.083,31.903,16.79,0.75,0.0,9.5
2004-02-06,49.5,31.849,17.68,0.75,0.06,9.44
2004-02-07,54.167,31.263,18.18,0.69,0.0,7.79
2004-02-08,45.25,31.355,17.86,0.5,0.06,5.02
2004-02-09,48.25,31.432,17.21,0.24,0.0,4.96
2004-02-10,51.417,31.25,16.83,0.62,0.0,5.99
2004-02-11,54.167,30.287,16.53,0.69,0.07,5.75
2004-02-12,34.833,31.438,16.26,0.75,0.05,5.79
2004-02-13,44.167,31.766,16.48,0.85,0.04,7.18
2004-02-14,45.0,31.919,16.3,0.57,0.0,5.75
2004-02-15,33.583,31.409,15.88,0.47,0.0,5.62
2004-02-16,29.917,31.373,16.64,0.52,0.08,4.89
2004-02-17,39.833,30.946,17.91,0.48,2.28,-1.07
2004-02-18,37.0,30.632,16.45,0.29,0.17,-0.58
2004-02-19,26.583,31.199,15.35,0.32,0.45,-3.11
2004-02-20,33.667,31.212,14.99,0.38,0.58,-4.36
2004-02-21,40.083,30.803,16.15,0.47,4.6,-0.43
2004-02-22,30.0,31.517,18.32,0.54,3.53,4.45
2004-02-23,,31.041,18.28,0.58,0.24,1.04
2004-02-24,35.083,31.365,17.59,0.49,1.56,-2.19
2004-02-25,36.0,31.234,18.37,0.44,2.61,-2.18
2004-02-26,36.0,31.357,20.12,0.51,9.08,-1.2
2004-02-27,36.083,31.46,19.46,0.46,4.5,-4.11
2004-02-28,36.833,31.365,18.26,0.52,1.97,-4.31
2004-02-29,35.333,31.509,17.25,0.58,0.29,-5.41
2004-03-01,39.583,31.186,16.37,0.45,2.77,-6.5
2004-03-02,46.0,30.475,15.57,0.61,0.29,-5.31
2004-03-03,,31.044,15.4,1.05,0.02,-3.5
2004-03-04,30.333,31.727,17.54,1.11,0.01,3.59
2004-03-05,44.5,31.493,21.04,1.07,0.53,6.01
2004-03-06,39.0,31.401,23.18,0.94,0.02,5.87
2004-03-07,39.167,31.307,23.06,0.83,0.75,2.63
2004-03-08,41.0,31.199,22.19,1.03,0.0,1.25
2004-03-09,41.333,31.186,21.08,0.9,0.04,-0.61
2004-03-10,43.833,30.46,20.48,1.22,0.0,1.02
2004-03-11,30.917,30.851,19.53,0.84,0.0,-1.07
2004-03-12,29.667,31.488,18.84,1.46,0.0,3.75
2004-03-13,26.75,31.707,21.44,1.29,5.9,5.67
2004-03-14,35.333,31.931,23.9,0.81,3.51,2.19
2004-03-15,38.917,31.821,23.63,1.23,0.01,5.95
2004-03-16,36.667,30.946,24.3,2.05,0.0,9.78
2004-03-17,22.0,31.22,25.7,1.64,0.0,9.64
2004-03-18,,30.891,26.68,1.93,0.0,10.65
2004-03-19,17.583,31.548,26.47,1.63,0.0,8.17
2004-03-20,35.5,31.375,26.14,1.6,0.0,8.63
2004-03-21,40.417,31.36,26.33,1.74,0.0,9.33
2004-03-22,34.0,31.566,25.72,1.63,0.06,6.54
2004-03-23,,32.218,24.42,1.3,2.45,0.22
2004-03-24,40.917,31.584,23.19,1.19,0.91,-1.59
2004-03-25,30.333,32.1,22.05,1.26,0.1,-0.03
2004-03-26,44.75,31.524,21.02,1.35,0.07,-0.67
2004-03-27,42.167,31.443,20.17,1.29,0.02,-0.05
2004-03-28,43.75,31.439,19.52,0.88,5.35,-2.85
2004-03-29,41.417,31.056,20.27,1.36,0.84,2.91
2004-03-30,44.833,30.638,29.02,1.63,6.24,5.78
2004-03-31,34.333,31.584,41.73,1.16,17.17,2.08
2004-04-01,58.917,31.475,35.69,1.15,0.25,0.9
2004-04-02,46.75,31.563,40.16,1.71,1.25,5.12
2004-04-03,44.417,31.89,42.69,1.18,4.07,1.09
2004-04-04,48.417,31.758,41.78,1.97,0.0,5.26
2004-04-05,42.25,31.826,40.96,2.01,0.0,7.68
2004-04-06,45.167,31.623,40.33,1.83,0.0,8.16
2004-04-07,46.667,31.273,39.85,2.58,0.0,6.89
2004-04-08,43.75,31.478,39.55,1.94,0.12,4.55
2004-04-09,52.0,31.56,39.18,1.14,3.53,1.18
2004-04-10,51.917,31.532,38.35,1.53,0.09,1.04
2004-04-11,50.5,31.584,35.17,1.63,0.02,0.31
2004-04-12,46.0,32.098,30.3,1.72,0.9,1.76
2004-04-13,56.417,31.498,28.7,1.6,0.22,2.15
2004-04-14,49.583,31.473,27.52,1.98,0.05,3.2
2004-04-15,45.0,31.503,26.8,1.45,1.61,2.61
2004-04-16,,31.517,26.5,2.54,0.11,6.3
2004-04-17,45.75,31.414,26.08,1.62,1.74,4.85
2004-04-18,44.0,31.748,25.32,1.76,0.61,4.98
2004-04-19,54.667,31.046,25.4,1.49,2.93,1.73
2004-04-20,50.167,30.803,24.68,2.3,0.3,3.74
2004-04-21,41.333,31.255,24.68,3.24,0.01,8.39
2004-04-22,45.167,31.609,28.95,3.46,2.29,10.6
2004-04-23,48.25,31.71,36.54,1.3,9.85,4.92
2004-04-24,60.583,30.958,36.23,2.25,0.86,6.3
2004-04-25,44.833,31.08,35.5,3.46,0.0,9.37
2004-04-26,43.25,31.186,34.93,3.74,0.0,9.48
2004-04-27,46.333,31.053,34.64,3.4,0.0,11.17
2004-04-28,49.333,30.604,36.21,2.66,8.27,7.83
2004-04-29,42.833,31.535,38.24,1.4,13.08,2.89
2004-04-30,52.25,31.548,39.32,1.43,6.89,3.19
2004-05-01,54.5,31.404,40.07,1.6,2.72,1.56
2004-05-02,49.0,31.669,40.53,1.92,2.58,3.32
2004-05-03,49.0,31.381,41.2,1.78,4.03,4.54
2004-05-04,,30.789,41.52,1.38,3.39,5.46
2004-05-05,44.417,31.394,41.82,2.37,1.87,6.88
2004-05-06,59.083,30.872,42.16,2.35,2.63,3.36
2004-05-07,48.417,30.763,42.28,2.51,0.27,2.78
2004-05-08,42.917,31.404,42.09,2.39,0.59,2.92
2004-05-09,53.167,31.316,41.65,3.1,0.0,4.52
2004-05-10,54.083,31.016,41.16,3.04,0.37,7.58
2004-05-11,44.833,31.388,40.76,2.06,1.83,6.51
2004-05-12,54.0,31.219,40.38,2.01,1.34,6.68
2004-05-13,,31.814,40.01,2.45,4.51,6.88
2004-05-14,49.0,31.522,39.75,3.11,0.27,6.6
2004-05-15,,31.446,39.42,3.05,0.0,8.16
2004-05-16,,31.835,39.0,3.36,0.04,9.03
2004-05-17,,31.729,38.72,4.73,0.0,11.55
2004-05-18,56.0,31.183,38.84,4.27,1.11,12.65
2004-05-19,44.917,31.317,39.42,4.3,2.86,12.6
2004-05-20,43.75,30.371,40.27,4.36,3.43,13.21
2004-05-21,40.5,31.127,41.53,4.21,1.39,12.76
2004-05-22,35.5,31.766,42.86,3.88,6.29,11.39
2004-05-23,42.75,31.829,43.95,2.37,5.51,9.07
2004-05-24,59.75,30.402,45.0,3.34,1.57,9.76
2004-05-25,36.083,31.066,45.69,4.21,0.16,12.11
2004-05-26,47.417,30.688,46.1,3.37,0.0,10.82
2004-05-27,42.0,30.854,46.68,3.44,2.16,10.52
2004-05-28,52.333,30.882,47.04,2.92,2.59,9.43
2004-05-29,46.917,31.389,47.13,4.58,0.03,12.61
2004-05-30,65.667,30.26,47.85,3.89,2.66,13.45
2004-05-31,42.25,31.335,48.38,2.64,5.4,10.6
2004-06-01,67.0,30.597,48.4,3.39,0.24,13.57
2004-06-02,,31.26,48.31,3.8,0.04,13.91
2004-06-03,92.333,29.428,48.07,4.14,0.0,13.38
2004-06-04,118.333,31.071,47.61,4.24,0.0,11.93
2004-06-05,120.083,30.777,46.97,4.76,0.0,13.89
2004-06-06,98.5,31.273,46.23,5.1,0.0,14.24
2004-06-07,94.583,31.363,45.44,5.43,0.0,16.59
2004-06-08,111.833,30.165,44.56,4.34,0.15,14.75
2004-06-09,109.083,29.932,43.68,4.93,0.01,15.48
2004-06-10,100.25,29.923,43.78,5.04,4.14,16.08
2004-06-11,114.667,31.188,43.58,5.0,3.2,16.81
2004-06-12,121.667,32.767,44.37,3.71,3.06,14.59
2004-06-13,117.833,32.156,45.26,3.63,8.15,14.58
2004-06-14,114.5,30.882,44.96,4.04,0.0,11.84
2004-06-15,96.917,31.501,44.4,3.65,0.36,11.03
2004-06-16,84.333,31.43,43.69,3.38,2.33,10.61
2004-06-17,77.917,30.618,42.92,3.52,1.88,12.9
2004-06-18,86.75,30.474,42.2,5.68,0.0,15.37
2004-06-19,73.0,31.934,41.61,5.9,0.12,17.17
2004-06-20,,31.578,40.77,2.81,2.17,10.46
2004-06-21,73.0,31.363,36.2,3.54,0.01,10.25
2004-06-22,81.333,30.581,31.58,4.2,0.01,12.49
2004-06-23,52.833,31.229,29.75,4.3,0.0,15.04
2004-06-24,64.083,31.017,28.18,4.15,0.02,17.94
2004-06-25,86.0,31.656,26.71,3.44,0.04,15.53
2004-06-26,75.75,30.116,25.06,3.53,0.22,15.13
2004-06-27,80.583,28.184,23.52,6.27,0.0,19.6
2004-06-28,43.917,30.094,22.34,5.42,0.04,20.5
2004-06-29,55.0,30.429,21.15,4.38,0.0,19.37
2004-06-30,64.5,30.495,19.81,4.69,0.0,18.91
2004-07-01,49.5,31.158,18.8,6.12,0.02,20.51
2004-07-02,64.417,30.523,17.89,4.03,0.0,17.18
2004-07-03,47.667,31.576,16.86,4.19,0.0,14.99
2004-07-04,55.167,31.73,15.79,4.6,0.0,15.34
2004-07-05,56.333,31.882,15.37,6.12,1.37,18.45
2004-07-06,49.083,31.98,16.94,4.25,2.27,17.32
2004-07-07,50.333,31.759,36.29,3.49,18.27,14.72
2004-07-08,54.0,31.194,40.95,4.01,7.0,14.44
2004-07-09,,31.078,39.6,3.09,1.03,10.12
2004-07-10,61.25,29.958,32.9,3.92,0.0,12.24
2004-07-11,32.083,31.14,32.12,3.15,3.85,11.48
2004-07-12,44.5,31.204,30.78,3.06,0.11,10.62
2004-07-13,49.667,30.956,28.91,3.53,0.0,10.43
2004-07-14,45.25,30.699,27.22,4.7,0.0,14.35
2004-07-15,36.25,30.714,25.63,4.2,0.0,14.36
2004-07-16,28.5,31.535,24.45,5.31,0.0,16.88
2004-07-17,33.167,31.9,26.14,4.9,4.13,16.9
2004-07-18,24.333,31.813,25.24,4.48,0.47,16.79
2004-07-19,27.917,31.13,24.0,4.14,0.14,17.33
2004-07-20,27.0,30.798,23.06,4.99,0.73,17.68
2004-07-21,,31.25,21.96,4.07,0.0,17.01
2004-07-22,14.25,32.16,20.63,5.3,0.01,18.71
2004-07-23,38.417,31.186,19.44,5.47,0.01,20.85
2004-07-24,30.417,30.847,18.35,5.37,0.0,22.03
2004-07-25,13.333,31.808,17.32,5.35,0.0,20.98
2004-07-26,19.25,32.385,16.39,5.39,0.0,18.37
2004-07-27,43.25,31.498,15.57,5.06,0.06,16.35
2004-07-28,35.0,31.429,14.73,4.63,0.0,16.82
2004-07-29,,31.117,16.26,5.39,3.62,18.69
2004-07-30,15.917,32.609,20.06,3.6,5.27,16.04
2004-07-31,37.833,32.377,18.55,4.48,0.02,17.67
2004-08-01,45.917,31.412,17.29,5.65,0.0,20.76
2004-08-02,34.167,31.391,18.42,5.43,3.65,20.61
2004-08-03,34.667,30.972,18.54,4.08,0.0,17.87
2004-08-04,20.75,32.279,19.08,4.09,3.3,18.3
2004-08-05,29.25,32.619,20.35,2.88,4.02,13.72
2004-08-06,33.167,32.183,19.52,3.82,0.22,15.38
2004-08-07,44.5,31.563,18.45,4.52,0.0,17.47
2004-08-08,28.333,32.242,18.82,3.67,2.67,16.75
2004-08-09,31.417,32.23,19.09,4.71,0.0,19.62
2004-08-10,25.167,32.402,22.68,3.67,8.66,18.79
2004-08-11,27.583,32.373,22.66,3.19,0.23,14.91
2004-08-12,34.0,32.024,21.18,4.18,0.0,15.79
2004-08-13,34.333,31.633,19.95,3.21,0.0,15.03
2004-08-14,37.25,31.424,18.72,3.47,0.0,15.34
2004-08-15,30.333,31.852,17.52,4.89,0.0,18.7
2004-08-16,44.5,30.905,16.59,5.37,0.0,20.1
2004-08-17,36.667,30.547,15.96,3.88,0.29,18.35
2004-08-18,12.833,31.854,15.25,3.33,0.19,16.25
2004-08-19,33.0,31.99,14.44,4.09,0.0,17.47
2004-08-20,,31.892,13.74,3.34,0.02,14.88
2004-08-21,44.583,31.511,12.98,2.81,0.02,12.22
2004-08-22,29.833,31.924,12.17,3.36,0.0,13.62
2004-08-23,39.083,31.419,11.51,4.44,0.0,17.19
2004-08-24,40.0,30.831,11.62,3.62,2.47,18.49
2004-08-25,38.5,30.661,11.94,2.96,0.05,17.63
2004-08-26,22.5,31.851,11.29,3.81,0.0,15.8
2004-08-27,28.917,31.602,10.68,3.63,0.0,14.95
2004-08-28,37.833,31.383,10.3,3.81,0.0,15.73
2004-08-29,24.25,31.802,11.83,3.67,0.12,16.76
2004-08-30,18.583,31.965,15.68,2.4,7.39,14.2
2004-08-31,44.833,31.03,15.67,2.48,3.45,16.65
2004-09-01,22.167,31.939,15.01,2.54,0.36,16.02
2004-09-02,34.667,31.911,17.83,2.79,6.76,15.79
2004-09-03,30.25,31.028,18.88,2.68,0.86,15.03
2004-09-04,22.0,31.602,17.94,2.78,0.18,17.27
2004-09-05,21.25,32.048,16.93,3.54,0.0,20.02
2004-09-06,15.0,32.256,16.09,3.25,0.0,19.66
2004-09-07,35.75,32.111,16.42,2.78,3.81,17.79
2004-09-08,23.333,33.004,16.84,2.25,0.24,14.33
2004-09-09,38.917,32.574,15.93,2.92,0.09,16.2
2004-09-10,47.417,31.378,15.06,3.48,0.0,18.79
2004-09-11,29.583,31.722,14.27,2.67,0.0,16.77
2004-09-12,24.5,31.769,14.37,2.78,2.0,17.2
2004-09-13,20.25,31.664,14.35,2.05,0.19,14.03
2004-09-14,33.25,31.746,13.99,2.9,0.19,16.66
2004-09-15,25.917,31.717,15.91,2.11,5.55,13.8
2004-09-16,35.917,31.701,17.09,1.67,1.78,9.7
2004-09-17,35.5,31.828,16.62,2.18,0.0,9.7
2004-09-18,39.25,31.378,15.67,2.95,0.0,11.47
2004-09-19,20.083,31.684,14.89,3.03,0.0,13.7
2004-09-20,22.25,31.309,15.21,2.24,2.4,14.81
2004-09-21,35.833,31.224,15.53,1.89,0.3,13.54
2004-09-22,34.25,31.221,14.73,1.68,0.06,12.12
2004-09-23,37.333,31.18,13.87,2.52,0.0,13.53
2004-09-24,40.167,31.094,13.14,2.61,0.06,14.17
2004-09-25,30.5,31.355,13.89,2.7,2.39,12.29
2004-09-26,24.333,31.409,13.59,1.54,0.0,9.62
2004-09-27,18.5,31.376,12.82,1.96,0.0,11.38
2004-09-28,34.917,31.007,12.13,2.35,0.0,12.89
2004-09-29,34.333,30.933,11.49,2.2,0.0,13.19
2004-09-30,38.417,30.363,10.89,2.03,0.0,13.67
2004-10-01,41.5,29.707,10.36,1.75,0.0,14.62
2004-10-02,24.583,30.483,10.25,2.08,0.0,14.42
2004-10-03,19.0,30.718,10.25,1.66,0.0,14.9
2004-10-04,8.667,30.548,10.22,1.99,0.0,14.91
2004-10-05,15.75,30.177,10.23,2.49,0.0,15.59
2004-10-06,13.25,30.074,10.27,1.74,1.75,14.85
2004-10-07,15.417,29.884,10.28,1.37,1.82,14.13
2004-10-08,8.75,30.289,10.26,1.32,0.1,13.83
2004-10-09,5.75,30.791,10.26,1.57,0.0,14.98
2004-10-10,3.25,31.066,10.27,1.23,0.0,11.24
2004-10-11,6.0,31.048,10.27,1.02,0.0,8.61
2004-10-12,5.5,31.509,10.29,0.95,0.08,9.24
2004-10-13,1.417,31.898,10.28,0.72,1.22,5.78
2004-10-14,17.167,31.448,10.28,1.0,0.01,7.4
2004-10-15,18.75,30.834,10.28,0.74,0.12,6.7
2004-10-16,15.833,30.495,10.29,0.65,0.24,5.06
2004-10-17,12.833,29.93,10.28,0.56,1.43,2.38
2004-10-18,0.25,30.488,10.28,0.83,0.0,7.25
2004-10-19,3.0,30.833,10.29,0.8,1.42,10.13
2004-10-20,2.75,31.304,10.38,0.86,1.69,12.35
2004-10-21,0.333,31.859,11.08,0.73,2.76,10.52
2004-10-22,4.833,32.014,11.23,0.67,0.81,9.81
2004-10-23,13.417,31.537,11.04,0.79,0.48,9.86
2004-10-24,6.833,31.607,10.47,1.23,0.0,12.07
2004-10-25,5.417,31.73,10.51,0.95,0.0,12.61
2004-10-26,11.417,31.618,16.52,0.54,15.34,9.01
2004-10-27,28.583,32.53,20.91,0.46,0.16,5.37
2004-10-28,45.583,32.206,24.85,0.49,12.92,3.36
2004-10-29,41.167,32.09,25.31,0.35,1.64,5.7
2004-10-30,43.0,31.74,25.57,0.36,3.47,3.12
2004-10-31,42.75,31.664,25.2,0.32,4.41,5.39
2004-11-01,41.667,31.598,26.28,0.36,4.05,3.4
2004-11-02,57.083,30.049,26.15,0.32,2.92,1.57
2004-11-03,26.25,31.176,25.2,0.19,0.03,4.47
2004-11-04,37.667,30.679,24.61,0.26,0.0,5.39
2004-11-05,11.917,31.081,24.24,0.3,0.01,8.08
2004-11-06,10.417,31.203,23.73,0.21,0.0,7.54
2004-11-07,4.333,31.357,23.18,0.56,0.0,7.63
2004-11-08,7.833,31.444,22.32,0.69,0.0,6.02
2004-11-09,6.0,31.125,21.48,0.39,0.89,5.35
2004-11-10,5.5,30.704,20.58,0.33,0.7,3.73
2004-11-11,0.0,30.709,19.65,0.41,1.53,0.72
2004-11-12,0.0,30.788,18.87,0.28,2.2,0.8
2004-11-13,0.0,31.055,18.45,0.4,0.02,4.83
2004-11-14,0.0,31.239,17.6,0.48,0.45,4.49
2004-11-15,0.0,31.414,16.64,0.73,0.11,-0.12
2004-11-16,0.083,31.473,15.8,0.79,0.0,3.43
2004-11-17,1.167,31.478,15.35,0.57,0.0,6.12
2004-11-18,2.75,31.234,15.04,0.49,0.0,6.17
2004-11-19,0.0,31.355,14.72,0.44,0.0,6.49
2004-11-20,0.333,31.435,14.48,0.42,0.2,6.04
2004-11-21,4.25,31.352,14.08,0.16,0.0,6.34
2004-11-22,6.667,31.058,13.48,0.46,0.0,6.26
2004-11-23,3.417,30.877,12.91,0.35,0.01,6.41
2004-11-24,7.583,30.419,12.46,0.34,0.0,6.08
2004-11-25,3.167,30.282,11.96,0.23,0.01,6.01
2004-11-26,4.667,30.006,11.4,0.36,0.01,4.2
2004-11-27,0.917,30.064,10.81,0.2,0.0,4.21
2004-11-28,0.0,30.424,10.38,0.3,0.0,4.12
2004-11-29,0.167,30.722,10.36,0.34,0.62,2.86
2004-11-30,2.0,30.923,10.35,0.13,0.36,-0.75
2004-12-01,2.167,30.974,10.92,0.08,0.0,-2.18
2004-12-02,3.833,30.913,12.23,0.32,11.34,1.74
2004-12-03,2.0,30.907,11.97,0.09,0.61,-0.62
2004-12-04,2.167,31.48,11.32,0.13,0.01,2.08
2004-12-05,5.0,31.568,11.17,0.18,1.07,2.4
2004-12-06,16.0,31.286,10.91,0.1,0.03,3.36
2004-12-07,15.5,31.301,10.67,0.07,0.04,1.24
2004-12-08,10.083,31.426,10.82,0.16,1.81,2.53
2004-12-09,10.917,30.986,11.28,0.21,1.81,3.95
2004-12-10,10.167,31.401,11.09,0.2,0.01,3.92
2004-12-11,11.0,31.348,10.85,0.12,0.01,5.38
2004-12-12,0.333,31.686,10.61,0.23,0.0,4.56
2004-12-13,4.083,31.694,10.54,0.27,0.0,3.51
2004-12-14,5.833,31.758,10.51,0.15,0.0,3.38
2004-12-15,14.667,31.522,10.48,0.13,0.02,2.34
2004-12-16,10.667,31.424,10.46,0.16,0.0,1.6
2004-12-17,7.25,31.568,10.44,0.19,0.41,2.07
2004-12-18,9.417,31.306,10.41,0.1,1.46,3.92
2004-12-19,2.833,31.553,10.39,0.27,0.11,3.36
2004-12-20,3.7,31.792,10.37,0.32,1.43,4.23
2004-12-21,31.367,31.934,10.38,0.07,0.27,-1.46
2004-12-22,9.583,31.924,10.36,0.11,0.0,-4.17
2004-12-23,15.333,31.813,10.35,0.26,0.0,-0.37
2004-12-24,8.0,31.838,10.34,0.3,0.05,4.79
2004-12-25,7.333,31.813,10.34,0.37,0.0,4.6
2004-12-26,0.667,31.841,10.32,0.11,0.11,-3.31
2004-12-27,8.333,31.841,10.29,0.12,0.14,-2.78
2004-12-28,12.083,31.841,10.3,0.49,0.0,-2.81
2004-12-29,13.5,31.808,11.2,0.35,0.99,-1.51
2004-12-30,18.167,31.414,10.63,0.55,2.15,0.1
2004-12-31,8.417,31.16,10.46,0.33,0.04,2.79
2005-01-01,1.917,31.491,10.42,0.55,0.03,7.45
2005-01-02,1.0,31.725,10.39,0.16,0.0,2.35
2005-01-03,2.5,31.766,10.36,0.19,0.18,2.11
2005-01-04,18.5,31.281,10.33,0.09,0.0,1.52
2005-01-05,12.917,31.239,10.3,0.4,0.0,2.61
2005-01-06,11.0,31.44,10.29,0.59,0.0,4.26
2005-01-07,1.083,31.758,10.29,0.41,0.0,4.57
2005-01-08,11.917,31.555,10.28,0.33,0.0,4.13
2005-01-09,0.0,31.823,10.28,0.38,0.0,3.08
2005-01-10,1.833,31.95,10.28,0.59,0.0,3.38
2005-01-11,21.75,31.764,10.28,0.45,0.0,2.15
2005-01-12,18.917,31.591,10.29,0.41,0.0,2.62
2005-01-13,18.0,31.55,10.28,0.29,0.06,1.33
2005-01-14,17.25,31.442,10.27,0.31,0.0,1.96
2005-01-15,8.75,31.81,10.27,0.55,0.0,3.23
2005-01-16,8.0,31.761,10.28,0.75,0.0,2.98
2005-01-17,28.667,31.216,10.28,0.26,0.0,3.27
2005-01-18,13.917,31.15,10.27,0.23,0.01,0.76
2005-01-19,13.25,31.339,10.25,0.35,1.57,0.92
2005-01-20,14.667,31.293,10.24,0.42,10.52,0.28
2005-01-21,0.75,31.696,10.24,0.56,0.04,5.35
2005-01-22,8.25,31.496,10.26,0.69,0.0,4.91
2005-01-23,0.0,31.794,10.28,0.35,0.0,3.15
2005-01-24,1.0,31.986,10.25,0.23,0.26,1.35
2005-01-25,12.75,32.185,10.24,0.4,0.37,-5.17
2005-01-26,21.083,31.869,10.44,0.43,0.04,-9.19
2005-01-27,21.417,31.849,10.32,0.28,0.57,-11.01
2005-01-28,15.417,31.926,10.28,0.18,0.0,-10.74
2005-01-29,19.833,31.841,10.27,0.41,0.26,-4.82
2005-01-30,18.0,31.841,10.28,0.35,0.17,-7.43
2005-01-31,17.083,31.857,10.28,0.2,0.0,-5.94
2005-02-01,7.5,32.014,10.26,0.26,0.08,-2.63
2005-02-02,13.0,31.875,10.25,0.47,0.05,0.98
2005-02-03,13.0,31.906,10.27,0.42,0.0,0.9
2005-02-04,13.417,31.926,10.28,0.22,0.05,-2.82
2005-02-05,17.25,31.815,10.27,0.17,0.0,-2.94
2005-02-06,8.25,31.553,10.27,0.37,0.0,0.01
2005-02-07,0.417,31.784,10.27,0.24,0.07,-0.42
2005-02-08,5.417,31.841,10.28,0.29,0.03,-0.76
2005-02-09,9.75,31.841,10.36,0.22,1.05,0.52
2005-02-10,7.417,31.81,10.33,0.19,0.15,-0.25
2005-02-11,11.5,31.48,10.29,0.22,0.02,1.88
2005-02-12,5.833,31.594,10.28,0.61,0.0,4.71
2005-02-13,5.667,31.589,10.54,0.59,0.03,5.25
2005-02-14,22.0,31.555,10.45,0.74,2.69,-0.19
2005-02-15,0.0,31.813,10.35,0.79,0.59,-3.76
2005-02-16,0.5,31.841,10.29,0.5,0.27,-4.88
2005-02-17,6.5,31.862,10.28,0.55,0.05,-7.07
2005-02-18,12.833,32.054,10.28,0.43,0.0,-7.68
2005-02-19,20.167,31.669,10.32,0.41,0.03,-6.19
2005-02-20,0.0,31.813,10.28,0.66,0.77,-1.84
2005-02-21,1.5,31.838,10.26,0.45,0.14,-5.52
2005-02-22,17.75,31.782,10.28,0.41,0.0,-8.5
2005-02-23,14.833,31.442,10.28,0.3,0.12,-9.6
2005-02-24,12.583,31.104,10.28,0.47,0.03,-6.5
2005-02-25,7.333,30.821,10.27,0.36,0.08,-6.61
2005-02-26,0.0,31.125,10.26,0.55,0.0,-4.99
2005-02-27,0.0,31.406,10.25,0.56,0.3,-3.82
2005-02-28,1.0,31.712,10.25,0.55,0.16,-6.55
2005-03-01,12.083,31.641,10.27,0.48,0.0,-12.75
2005-03-02,12.833,31.429,10.27,0.59,0.0,-7.87
2005-03-03,10.083,31.01,10.29,0.83,0.32,-3.0
2005-03-04,0.417,31.383,10.29,0.63,0.29,-4.24
2005-03-05,5.0,31.782,10.26,0.62,0.42,-6.12
2005-03-06,,31.82,10.27,1.01,0.77,-2.98
2005-03-07,,31.96,10.25,0.59,0.22,-5.52
2005-03-08,13.75,32.222,10.23,0.73,0.05,-7.83
2005-03-09,21.583,32.001,10.22,1.03,0.0,-5.12
2005-03-10,17.417,32.392,10.24,1.32,0.0,1.48
2005-03-11,23.167,32.166,10.26,0.94,0.0,-1.79
2005-03-12,34.0,30.897,10.24,0.65,0.02,-4.72
2005-03-13,11.833,30.3,10.22,1.69,0.0,2.96
2005-03-14,9.167,29.986,10.23,1.81,0.0,4.29
2005-03-15,0.75,31.158,10.24,1.69,0.02,6.84
2005-03-16,9.083,31.463,10.22,1.53,0.0,6.98
2005-03-17,10.167,31.714,10.2,1.94,0.0,7.99
2005-03-18,11.75,31.709,10.2,2.18,0.0,7.37
2005-03-19,10.5,31.968,10.18,2.37,0.0,8.66
2005-03-20,26.833,31.957,10.2,2.5,0.0,9.22
2005-03-21,25.667,31.514,10.22,2.5,0.0,10.28
2005-03-22,32.917,31.309,10.23,1.69,0.07,9.06
2005-03-23,31.833,31.247,10.52,1.37,0.04,7.66
2005-03-24,29.917,31.519,10.45,1.31,5.29,6.69
2005-03-25,28.25,31.671,10.36,1.49,0.38,7.26
2005-03-26,20.5,31.183,10.32,1.51,1.67,7.17
2005-03-27,23.833,31.445,10.26,1.51,0.2,5.52
2005-03-28,0.0,31.841,10.26,1.68,1.25,5.09
2005-03-29,,,10.26,1.97,0.0,6.03
2005-03-30,26.833,31.678,10.26,1.55,2.48,5.51
2005-03-31,35.333,31.281,10.23,1.77,0.16,4.2
2005-04-01,28.167,31.599,10.24,1.98,0.0,4.74
2005-04-02,29.25,31.953,10.36,2.22,0.0,6.84
2005-04-03,20.167,31.445,10.49,1.31,3.02,4.73
2005-04-04,12.667,31.511,10.44,1.48,0.54,5.36
2005-04-05,31.417,31.602,10.43,1.58,1.6,5.86
2005-04-06,35.25,31.386,10.36,1.63,0.57,6.52
2005-04-07,27.0,31.81,10.34,2.4,0.0,8.94
2005-04-08,,31.805,10.32,1.95,1.55,7.81
2005-04-09,25.833,31.727,10.86,1.37,0.44,1.32
2005-04-10,22.0,31.553,11.17,1.42,3.22,-2.68
2005-04-11,1.583,32.09,10.57,1.85,1.64,-0.19
2005-04-12,18.75,31.733,10.44,2.18,0.01,3.51
2005-04-13,15.583,31.566,10.41,2.31,0.2,5.25
2005-04-14,10.75,31.604,10.39,2.04,0.0,5.3
2005-04-15,8.0,31.745,10.56,2.72,7.43,7.13
2005-04-16,7.917,32.032,10.47,1.34,2.52,1.31
2005-04-17,6.417,31.779,10.35,1.86,0.59,1.63
2005-04-18,2.417,32.044,10.34,2.93,0.16,5.95
2005-04-19,28.083,31.184,10.33,1.83,1.07,3.6
2005-04-20,17.917,31.061,10.3,2.21,0.41,4.3
2005-04-21,16.583,30.984,10.26,2.26,0.29,4.24
2005-04-22,12.0,31.422,10.28,2.43,0.57,7.23
2005-04-23,11.417,31.893,10.21,2.18,1.66,8.35
2005-04-24,4.583,31.802,10.23,3.3,0.29,11.24
2005-04-25,5.25,31.884,10.21,2.17,0.28,6.77
2005-04-26,61.75,29.983,10.15,2.7,0.0,7.25
2005-04-27,47.167,30.191,10.13,4.35,0.0,10.9
2005-04-28,38.25,31.314,10.11,4.33,0.0,12.0
2005-04-29,43.583,31.786,10.11,4.63,0.0,14.86
2005-04-30,67.5,30.02,10.09,4.23,0.0,14.44
2005-05-01,18.0,32.188,10.13,4.98,0.0,14.96
2005-05-02,,31.788,10.17,4.26,0.0,15.08
2005-05-03,,30.512,10.16,2.94,0.79,12.04
2005-05-04,46.583,30.539,10.2,3.31,0.01,11.98
2005-05-05,32.25,31.751,10.16,2.6,0.95,8.35
2005-05-06,47.083,31.679,10.11,2.69,0.42,7.05
2005-05-07,57.5,30.607,10.11,4.17,0.0,10.22
2005-05-08,40.083,30.992,10.12,4.11,0.0,10.38
2005-05-09,31.667,32.123,10.18,3.49,0.0,11.78
2005-05-10,50.917,31.702,10.44,3.3,6.81,11.9
2005-05-11,56.417,30.561,10.34,2.25,1.05,10.06
2005-05-12,6.083,31.013,10.7,2.94,1.96,10.74
2005-05-13,9.167,31.13,11.55,2.63,8.07,9.56
2005-05-14,34.333,32.082,11.75,3.07,13.54,9.03
2005-05-15,49.25,31.597,11.11,2.88,0.04,7.91
2005-05-16,50.333,31.048,11.09,3.33,0.27,8.93
2005-05-17,33.25,32.144,12.03,3.06,7.12,7.57
2005-05-18,48.25,31.922,11.39,1.81,3.7,4.75
2005-05-19,62.0,30.49,11.22,3.06,0.02,7.15
2005-05-20,,31.199,12.32,4.79,0.0,11.84
2005-05-21,38.75,31.561,14.01,5.66,0.0,15.48
2005-05-22,45.833,31.253,15.37,3.0,0.1,11.78
2005-05-23,34.667,31.826,16.49,3.1,3.07,9.21
2005-05-24,51.583,31.028,17.41,3.39,0.04,9.28
2005-05-25,35.75,31.628,18.06,5.19,0.0,13.66
2005-05-26,34.167,32.3,18.49,5.67,0.0,16.1
2005-05-27,47.167,31.821,18.7,5.46,0.0,16.4
2005-05-28,48.083,31.281,18.78,5.82,0.0,16.88
2005-05-29,37.75,31.612,18.72,4.3,0.0,15.11
2005-05-30,37.0,32.034,18.59,3.93,0.01,16.0
2005-05-31,58.75,30.671,18.35,2.26,0.92,10.43
2005-06-01,54.833,30.026,18.03,3.6,0.0,12.49
2005-06-02,43.333,30.554,16.87,4.74,0.0,13.78
2005-06-03,57.0,29.935,14.13,5.77,0.0,16.16
2005-06-04,44.667,30.331,13.58,4.35,0.33,14.2
2005-06-05,32.25,31.883,12.98,3.12,0.01,12.15
2005-06-06,57.0,31.284,12.15,4.11,0.0,12.89
2005-06-07,,30.905,11.6,4.75,0.28,13.43
2005-06-08,50.417,30.811,11.08,4.1,0.0,11.5
2005-06-09,44.583,31.307,11.2,4.98,1.59,12.42
2005-06-10,51.0,31.181,10.78,5.09,0.0,12.73
2005-06-11,,31.078,10.84,4.51,0.0,14.49
2005-06-12,28.75,31.56,16.76,4.59,10.24,14.74
2005-06-13,27.333,32.183,18.83,4.56,5.48,14.89
2005-06-14,41.917,31.805,25.86,4.05,18.83,13.28
2005-06-15,41.167,31.401,28.76,3.27,1.36,11.93
2005-06-16,43.0,31.304,29.7,5.11,0.09,16.22
2005-06-17,43.0,31.153,30.04,3.75,0.0,14.9
2005-06-18,42.167,31.071,30.02,5.72,0.0,18.28
2005-06-19,33.917,31.383,29.77,5.94,0.0,19.45
2005-06-20,44.333,31.046,29.47,6.11,0.15,20.01
2005-06-21,47.667,30.411,30.3,3.99,6.09,15.88
2005-06-22,44.167,30.181,30.51,4.05,3.37,16.24
2005-06-23,44.333,29.908,30.21,6.46,0.05,19.82
2005-06-24,26.333,31.222,30.12,4.7,3.93,18.09
2005-06-25,29.917,31.568,29.83,3.79,0.57,16.33
2005-06-26,29.0,31.97,29.39,4.9,0.06,18.27
2005-06-27,,31.981,28.88,5.38,0.0,19.62
2005-06-28,43.25,31.542,28.38,5.12,0.6,19.62
2005-06-29,24.0,32.187,28.1,3.2,7.24,15.91
2005-06-30,,30.469,27.99,3.53,0.11,13.75
2005-07-01,32.833,29.998,27.73,4.34,0.02,15.0
2005-07-02,22.0,30.862,27.3,3.72,0.0,11.87
2005-07-03,41.833,29.983,25.71,5.7,0.0,17.74
2005-07-04,18.917,30.724,23.07,5.75,0.01,19.63
2005-07-05,28.083,30.292,26.47,3.11,6.53,12.53
2005-07-06,18.5,30.445,26.56,4.48,0.0,13.33
2005-07-07,22.5,30.371,26.24,4.11,0.05,13.68
2005-07-08,6.833,31.43,25.74,3.21,0.01,12.22
2005-07-09,15.417,31.656,25.23,3.19,1.39,12.27
2005-07-10,8.25,31.689,24.74,2.9,1.68,11.68
2005-07-11,1.583,31.945,23.69,3.73,0.0,12.65
2005-07-12,18.333,30.773,19.64,5.56,0.0,16.02
2005-07-13,11.583,31.55,18.33,5.44,0.08,16.5
2005-07-14,17.833,31.779,17.32,5.41,0.01,17.46
2005-07-15,16.25,32.134,16.33,6.08,0.06,19.88
2005-07-16,18.167,32.295,15.45,5.64,0.01,20.37
2005-07-17,9.417,32.467,14.68,5.16,0.0,19.83
2005-07-18,14.75,32.075,14.05,4.43,0.0,18.91
2005-07-19,22.0,31.27,13.87,3.3,1.08,13.75
2005-07-20,11.0,31.774,13.21,4.88,0.0,16.01
2005-07-21,,31.72,12.46,5.41,0.01,17.59
2005-07-22,12.167,31.733,15.39,5.67,0.01,19.08
2005-07-23,13.75,31.548,17.08,4.55,5.29,16.98
2005-07-24,10.917,31.373,14.15,4.2,0.05,17.35
2005-07-25,10.167,31.325,12.98,5.45,0.0,19.82
2005-07-26,13.5,31.34,13.17,3.53,2.34,17.22
2005-07-27,29.833,30.579,12.99,5.34,0.0,19.49
2005-07-28,27.25,30.625,12.34,5.59,0.06,20.56
2005-07-29,18.833,31.52,12.56,4.78,2.09,18.66
2005-07-30,18.417,32.348,12.59,3.51,0.22,16.28
2005-07-31,34.0,31.753,11.96,2.9,0.0,13.25
2005-08-01,,31.87,17.3,3.17,2.34,15.71
2005-08-02,20.167,32.493,27.09,1.7,26.45,9.72
2005-08-03,33.667,32.041,28.34,2.99,1.67,10.92
2005-08-04,40.583,31.13,28.61,4.54,0.02,13.53
2005-08-05,34.0,30.888,28.56,4.69,0.06,14.96
2005-08-06,13.25,32.235,28.33,5.35,0.0,16.86
2005-08-07,26.583,32.085,27.92,5.07,0.0,16.99
2005-08-08,21.583,31.746,27.41,4.68,0.0,16.92
2005-08-09,18.25,32.301,26.84,4.09,0.79,16.51
2005-08-10,32.0,31.233,26.38,4.03,1.65,18.12
2005-08-11,,31.669,26.92,3.37,12.59,15.98
2005-08-12,23.25,31.813,27.6,2.88,1.29,13.72
2005-08-13,25.083,31.867,27.9,4.45,0.07,15.38
2005-08-14,15.583,32.149,27.92,3.89,0.0,15.61
2005-08-15,22.083,32.085,27.73,3.65,0.0,14.51
2005-08-16,23.167,31.743,27.38,3.88,0.0,15.15
2005-08-17,25.583,32.363,26.9,4.03,0.52,17.38
2005-08-18,32.0,32.238,26.6,3.23,3.33,15.22
2005-08-19,,31.838,27.01,2.83,7.21,14.47
2005-08-20,24.75,32.157,26.92,2.61,0.93,13.31
2005-08-21,21.833,32.167,27.0,2.52,4.46,8.98
2005-08-22,19.667,31.61,27.01,2.43,0.57,8.87
2005-08-23,16.417,31.153,26.89,2.8,0.04,11.3
2005-08-24,21.0,31.74,26.74,2.86,0.06,12.0
2005-08-25,,31.98,26.38,3.44,0.0,13.6
2005-08-26,29.167,31.867,25.93,3.93,0.02,16.54
2005-08-27,19.667,32.488,25.5,2.61,0.01,14.48
2005-08-28,15.917,32.371,23.35,2.0,1.74,12.97
2005-08-29,16.0,32.001,19.79,2.73,0.0,15.32
2005-08-30,26.167,31.756,18.56,3.46,0.05,16.16
2005-08-31,16.917,32.214,17.52,3.82,0.0,16.98
2005-09-01,17.0,32.512,17.86,3.87,2.3,17.73
2005-09-02,27.417,31.999,17.55,2.4,0.11,15.24
2005-09-03,21.25,32.061,16.5,3.52,0.03,17.03
2005-09-04,23.25,32.459,15.63,3.97,0.0,19.56
2005-09-05,16.333,32.737,17.17,2.74,0.01,17.08
2005-09-06,31.167,32.493,26.04,2.09,19.8,12.64
2005-09-07,31.333,31.148,28.08,1.75,5.9,10.49
2005-09-08,13.667,31.978,29.73,1.73,10.0,11.08
2005-09-09,21.0,31.789,30.97,1.76,8.0,11.22
2005-09-10,,31.898,32.19,2.42,0.09,14.49
2005-09-11,,31.844,33.08,1.72,0.55,9.32
2005-09-12,,31.916,33.61,2.21,0.07,10.19
2005-09-13,27.333,32.389,34.03,1.91,3.18,11.1
2005-09-14,30.667,32.253,34.23,1.78,0.1,10.82
2005-09-15,27.167,32.336,34.12,2.4,0.01,12.7
2005-09-16,29.25,32.3,33.77,3.29,0.0,14.94
2005-09-17,31.25,32.206,33.35,2.53,0.54,13.67
2005-09-18,22.083,32.121,32.72,1.27,0.31,5.89
2005-09-19,13.833,32.139,29.36,2.16,0.0,6.14
2005-09-20,34.333,32.3,25.4,1.8,0.01,7.93
2005-09-21,38.0,31.887,23.9,2.47,0.0,9.03
2005-09-22,37.667,32.089,22.59,2.56,0.0,10.06
2005-09-23,34.583,32.412,21.36,2.61,0.0,12.01
2005-09-24,40.0,32.199,23.49,2.25,0.0,13.13
2005-09-25,28.167,32.374,28.46,1.55,5.97,12.08
2005-09-26,21.0,32.319,30.89,1.37,6.14,10.19
2005-09-27,41.917,31.353,30.15,1.59,0.0,10.27
2005-09-28,28.167,30.842,25.06,1.66,0.01,12.9
2005-09-29,8.917,32.004,23.31,1.45,0.0,11.01
2005-09-30,19.167,31.751,21.97,1.29,0.04,10.17
2005-10-01,20.5,31.782,20.72,1.79,0.0,12.07
2005-10-02,14.25,31.831,20.89,1.86,2.24,12.48
2005-10-03,7.5,32.032,20.68,1.35,1.01,7.0
2005-10-04,23.5,31.774,19.88,1.21,0.14,6.26
2005-10-05,17.5,32.087,19.09,1.21,0.09,8.72
2005-10-06,13.167,32.345,18.18,0.98,0.04,7.29
2005-10-07,25.667,31.694,17.25,1.01,0.07,8.39
2005-10-08,20.667,31.466,16.32,1.31,0.0,8.68
2005-10-09,6.0,31.764,15.45,1.67,0.0,11.42
2005-10-10,7.5,31.885,14.67,1.64,0.0,12.8
2005-10-11,22.917,31.401,14.16,0.95,0.33,10.22
2005-10-12,10.667,32.025,15.06,0.96,1.72,11.0
2005-10-13,8.833,32.267,24.54,0.92,12.06,11.05
2005-10-14,28.333,31.465,33.7,0.73,20.76,8.4
2005-10-15,20.667,31.437,35.13,0.71,8.28,7.26
2005-10-16,17.5,31.748,35.44,0.68,6.06,6.04
2005-10-17,23.083,31.733,35.88,0.67,0.0,8.66
2005-10-18,23.5,31.599,36.75,0.73,0.05,10.04
2005-10-19,18.5,31.983,37.4,0.69,11.03,8.5
2005-10-20,23.5,31.854,37.9,0.71,0.02,8.88
2005-10-21,18.333,31.957,38.1,0.75,0.27,10.07
2005-10-22,22.417,31.486,38.15,0.78,0.01,10.5
2005-10-23,25.75,31.056,38.95,0.66,9.78,11.49
2005-10-24,12.0,31.898,39.2,0.58,0.9,6.5
2005-10-25,,31.854,39.16,0.68,0.02,9.32
2005-10-26,22.5,31.955,38.84,0.51,0.0,8.84
2005-10-27,27.75,31.475,38.29,0.69,0.05,10.33
2005-10-28,24.417,31.227,37.58,0.95,0.02,12.12
2005-10-29,17.917,31.638,36.92,0.83,3.73,12.39
2005-10-30,17.917,32.082,36.3,0.64,0.0,12.46
2005-10-31,27.333,31.671,35.62,0.64,0.04,12.09
2005-11-01,19.333,31.859,35.0,0.5,2.69,7.32
2005-11-02,11.167,32.079,34.31,0.23,0.08,6.69
2005-11-03,2.583,32.274,30.06,0.28,0.0,9.42
2005-11-04,8.833,31.887,26.66,0.2,0.02,8.85
2005-11-05,7.083,31.699,25.98,0.4,1.41,4.12
2005-11-06,7.333,31.527,24.75,0.22,0.05,3.66
2005-11-07,0.583,31.8,23.48,0.36,0.0,5.9
2005-11-08,7.083,31.665,22.35,0.46,0.22,7.37
2005-11-09,7.333,31.486,22.26,0.51,0.01,7.32
2005-11-10,0.417,32.001,23.03,0.39,6.14,2.56
2005-11-11,5.167,32.042,22.22,0.42,0.07,2.28
2005-11-12,7.0,31.862,23.31,0.16,3.77,4.88
2005-11-13,6.417,31.795,26.96,0.27,8.25,3.83
2005-11-14,0.75,32.3,28.28,0.34,4.91,3.06
2005-11-15,9.0,32.206,32.46,0.34,5.76,3.29
2005-11-16,8.917,32.103,33.88,0.15,3.49,3.53
2005-11-17,7.75,31.906,33.09,0.13,0.47,4.31
2005-11-18,5.667,31.877,30.92,0.11,0.13,2.97
2005-11-19,12.417,31.25,26.11,0.12,0.01,1.51
2005-11-20,5.917,31.197,24.51,0.24,0.01,1.43
2005-11-21,5.0,31.222,23.21,0.25,0.0,3.15
2005-11-22,4.833,31.207,22.25,0.3,0.01,4.38
2005-11-23,3.25,31.334,21.36,0.28,0.01,1.38
2005-11-24,5.917,31.194,20.25,0.46,0.0,1.92
2005-11-25,5.0,31.176,19.16,0.41,0.05,0.67
2005-11-26,,31.015,18.13,0.22,0.8,-1.94
2005-11-27,0.0,31.437,17.17,0.13,0.36,-3.6
2005-11-28,0.667,31.722,16.26,0.2,0.07,-3.22
2005-11-29,7.917,31.425,15.44,0.3,0.03,0.83
2005-11-30,6.833,31.247,14.68,0.31,0.1,-0.58
2005-12-01,4.583,31.186,14.01,0.22,0.01,-0.02
2005-12-02,0.0,31.486,17.02,0.04,3.79,0.89
2005-12-03,0.167,32.022,19.36,0.17,11.88,0.39
2005-12-04,2.333,32.311,18.5,0.27,1.96,2.28
2005-12-05,6.333,32.316,17.88,0.21,1.16,3.15
2005-12-06,9.167,32.097,17.25,0.16,1.09,0.66
2005-12-07,1.0,32.485,16.43,0.1,1.21,-2.5
2005-12-08,11.333,32.037,15.66,0.13,0.05,0.07
2005-12-09,4.333,32.121,15.19,0.11,2.24,0.27
2005-12-10,7.583,31.797,14.66,0.13,0.11,1.2
2005-12-11,3.25,31.993,14.3,0.2,0.01,0.2
2005-12-12,5.5,31.986,14.06,0.11,0.0,-4.23
2005-12-13,0.333,32.222,13.4,0.11,0.0,-3.94
2005-12-14,4.75,32.246,12.76,0.14,0.0,-1.97
2005-12-15,12.75,31.553,12.55,0.26,0.01,-1.83
2005-12-16,10.583,31.468,12.16,0.18,0.0,-1.64
2005-12-17,16.583,31.831,12.85,0.27,0.0,1.55
2005-12-18,12.667,32.381,13.17,0.3,0.25,1.78
2005-12-19,20.417,32.152,12.57,0.14,0.0,-1.13
2005-12-20,24.917,32.152,11.92,0.23,0.0,-1.76
2005-12-21,24.0,32.123,11.35,0.23,0.04,-0.57
2005-12-22,,31.813,11.22,0.32,0.0,0.24
2005-12-23,,31.838,11.42,0.42,0.0,2.79
2005-12-24,,31.813,11.55,0.44,0.0,2.5
2005-12-25,,31.844,11.05,0.33,0.0,1.45
2005-12-26,,31.885,10.57,0.26,0.0,-0.69
2005-12-27,,32.022,10.46,0.2,0.01,-2.14
2005-12-28,,31.994,10.44,0.07,0.0,-7.19
2005-12-29,18.917,32.308,10.41,0.12,0.0,-8.28
2005-12-30,18.167,32.298,10.39,0.21,0.05,-5.29
2005-12-31,19.167,32.188,10.38,0.23,0.27,2.47
2006-01-01,10.0,32.24,10.35,0.07,0.76,0.72
2006-01-02,,32.167,10.34,0.24,1.43,0.11
2006-01-03,22.75,32.038,10.33,0.29,1.51,-0.74
2006-01-04,10.333,32.434,10.32,0.29,0.48,0.08
2006-01-05,24.333,31.764,10.33,0.17,0.35,-1.14
2006-01-06,17.0,31.952,10.31,0.07,0.07,-3.42
2006-01-07,17.083,32.144,10.62,0.12,0.15,-1.79
2006-01-08,17.75,32.087,11.34,0.15,5.52,-1.11
2006-01-09,15.75,32.373,11.04,0.03,0.79,-0.02
2006-01-10,23.417,32.066,10.97,0.07,1.21,-1.81
2006-01-11,17.0,32.144,10.86,0.02,0.44,-0.4
2006-01-12,16.833,32.084,10.78,0.23,0.0,0.96
2006-01-13,15.25,32.374,10.73,0.23,0.0,1.69
2006-01-14,17.417,32.397,10.67,0.07,0.04,-1.6
2006-01-15,11.0,32.323,10.62,0.13,0.0,-1.89
2006-01-16,11.333,32.173,10.57,0.05,0.05,-2.76
2006-01-17,15.167,32.407,10.53,0.15,0.04,-0.76
2006-01-18,17.667,32.423,10.49,0.11,0.03,1.44
2006-01-19,24.25,31.986,10.47,0.28,0.3,5.02
2006-01-20,16.083,32.232,10.46,0.18,0.04,6.5
2006-01-21,17.167,32.41,10.44,0.13,0.0,4.13
2006-01-22,18.167,32.144,10.42,0.14,0.0,2.86
2006-01-23,9.667,32.066,10.39,0.26,0.0,1.02
2006-01-24,17.0,32.168,10.38,0.5,0.0,1.72
2006-01-25,17.333,32.316,10.37,0.28,0.01,-0.91
2006-01-26,20.417,32.084,10.37,0.11,0.14,-2.27
2006-01-27,14.333,32.368,10.36,0.07,0.2,-3.29
2006-01-28,17.583,32.339,10.46,0.27,2.56,-4.54
2006-01-29,12.25,32.347,11.49,0.36,8.74,-4.22
2006-01-30,5.333,32.345,12.69,0.27,15.15,-1.08
2006-01-31,20.333,31.319,13.19,0.35,3.49,1.66
2006-02-01,23.583,30.663,14.19,0.53,0.12,4.45
2006-02-02,18.667,30.589,15.55,0.45,0.02,5.32
2006-02-03,15.0,31.041,16.19,0.23,0.02,3.69
2006-02-04,14.667,31.435,16.05,0.29,0.0,1.39
2006-02-05,11.75,32.053,15.48,0.32,0.02,-0.8
2006-02-06,19.833,31.996,15.07,0.56,0.0,2.92
2006-02-07,18.0,31.988,14.78,0.61,0.0,2.46
2006-02-08,17.917,31.916,15.14,0.58,0.0,4.51
2006-02-09,17.0,32.084,18.09,0.61,0.0,5.88
2006-02-10,17.583,32.374,18.55,0.6,0.0,4.07
2006-02-11,24.083,32.392,18.13,0.27,0.0,0.56
2006-02-12,24.0,32.256,16.08,0.41,0.0,0.9
2006-02-13,13.583,32.05,14.28,0.47,0.0,3.14
2006-02-14,20.667,32.282,13.96,0.54,0.06,4.81
2006-02-15,27.333,32.025,13.77,0.36,0.03,4.2
2006-02-16,20.333,32.344,13.15,0.43,0.06,2.42
2006-02-17,24.167,32.402,12.6,0.52,0.28,3.3
2006-02-18,25.667,32.394,12.12,0.58,0.24,2.4
2006-02-19,20.417,32.308,12.96,0.68,4.67,2.68
2006-02-20,4.417,32.295,13.97,0.62,2.86,-1.15
2006-02-21,20.917,32.129,13.76,0.47,1.52,-0.52
2006-02-22,31.083,31.844,13.12,0.41,0.23,-0.58
2006-02-23,31.167,31.537,12.45,0.44,0.05,-1.07
2006-02-24,21.75,31.633,11.81,0.57,0.02,0.07
2006-02-25,19.5,32.076,11.22,0.44,0.02,-3.22
2006-02-26,25.167,32.248,10.77,0.54,0.19,-0.27
2006-02-27,28.0,31.937,10.62,0.58,0.8,-0.39
2006-02-28,38.583,31.988,10.58,0.73,0.0,-1.31
2006-03-01,34.083,32.25,10.57,0.76,0.0,-2.02
2006-03-02,35.0,32.287,10.52,0.63,0.0,-1.49
2006-03-03,34.0,32.118,10.49,0.93,0.0,0.95
2006-03-04,22.0,32.733,10.55,0.94,0.0,3.83
2006-03-05,10.083,32.232,11.24,0.71,5.94,1.39
2006-03-06,1.667,32.472,11.07,0.82,0.02,-2.85
2006-03-07,21.167,32.789,10.63,1.34,0.01,0.42
2006-03-08,32.083,31.54,12.2,1.05,4.34,4.28
2006-03-09,11.333,31.97,15.9,1.44,0.02,7.27
2006-03-10,15.083,32.04,16.12,1.09,2.06,5.2
2006-03-11,14.667,32.201,16.18,1.15,10.3,1.74
2006-03-12,0.0,32.405,16.35,1.17,4.25,2.57
2006-03-13,1.667,32.459,16.58,1.16,0.3,5.93
2006-03-14,20.833,32.717,17.04,1.63,0.0,6.82
2006-03-15,29.0,32.374,17.68,1.67,0.0,7.72
2006-03-16,18.167,32.41,18.39,1.78,0.0,7.22
2006-03-17,20.5,32.493,19.0,1.24,0.0,5.45
2006-03-18,27.0,32.447,19.52,1.41,0.34,5.94
2006-03-19,34.833,32.261,19.91,0.98,0.94,3.13
2006-03-20,2.083,32.449,20.46,1.04,2.64,2.93
2006-03-21,25.5,32.604,21.25,1.15,6.6,3.31
2006-03-22,31.667,32.379,21.61,1.28,0.79,5.12
2006-03-23,39.833,32.075,21.98,1.28,1.2,4.14
2006-03-24,47.75,31.633,22.33,1.44,1.33,5.86
2006-03-25,35.083,32.371,22.55,1.5,0.59,5.34
2006-03-26,44.75,32.058,22.73,1.93,0.0,8.22
2006-03-27,22.167,32.283,23.06,2.05,0.0,11.3
2006-03-28,44.083,30.971,23.48,1.49,0.29,8.46
2006-03-29,22.917,30.897,23.85,1.82,0.15,5.38
2006-03-30,22.333,30.997,24.06,1.91,0.0,6.05
2006-03-31,26.333,30.871,24.26,1.97,1.14,10.04
2006-04-01,29.25,31.053,24.6,2.38,0.26,11.19
2006-04-02,21.833,31.245,24.92,1.93,0.0,9.63
2006-04-03,32.333,31.725,25.19,2.27,0.0,8.09
2006-04-04,45.5,30.828,25.27,1.59,0.0,6.41
2006-04-05,30.083,31.128,25.25,2.66,0.0,8.73
2006-04-06,41.417,30.463,25.28,2.11,1.35,6.99
2006-04-07,36.667,31.115,26.0,1.73,1.81,5.74
2006-04-08,53.75,30.655,26.13,1.66,4.03,5.82
2006-04-09,41.25,31.421,26.03,1.93,0.14,7.29
2006-04-10,54.083,30.925,25.92,2.05,1.66,7.82
2006-04-11,45.0,31.278,25.74,1.63,0.1,2.03
2006-04-12,54.417,30.594,25.46,3.05,0.01,4.75
2006-04-13,38.083,31.394,25.09,2.52,0.0,6.59
2006-04-14,49.917,31.237,24.7,3.18,0.0,8.98
2006-04-15,48.917,31.381,24.37,2.77,0.63,9.62
2006-04-16,47.667,31.437,24.18,1.97,2.1,7.46
2006-04-17,44.0,31.727,24.05,2.01,1.18,8.18
2006-04-18,,31.592,23.91,1.54,1.62,5.68
2006-04-19,39.833,32.43,23.65,2.46,0.0,6.95
2006-04-20,68.083,30.742,23.56,2.67,0.14,7.91
2006-04-21,36.833,31.46,23.43,1.98,3.04,5.93
2006-04-22,44.667,31.097,23.03,2.55,0.07,7.62
2006-04-23,31.25,32.035,22.62,2.34,0.32,7.81
2006-04-24,44.167,31.836,22.14,1.94,0.06,7.58
2006-04-25,35.167,32.468,21.64,2.68,0.02,11.06
2006-04-26,36.333,32.522,21.14,2.64,0.01,11.54
2006-04-27,30.917,32.656,20.71,3.02,0.04,11.37
2006-04-28,52.0,30.94,20.26,2.14,0.94,8.52
2006-04-29,,30.951,19.18,2.79,0.04,7.47
2006-04-30,18.25,31.968,16.03,3.01,0.0,6.64
2006-05-01,9.167,31.674,15.17,3.64,0.0,7.85
2006-05-02,2.0,31.885,14.56,3.52,0.0,9.42
2006-05-03,22.0,32.058,14.13,3.69,0.0,10.91
2006-05-04,0.5,32.386,13.73,3.03,0.03,10.21
2006-05-05,6.25,32.224,13.9,2.83,1.37,10.07
2006-05-06,11.083,32.336,14.63,2.5,2.1,10.53
2006-05-07,34.083,32.316,15.34,2.7,0.8,10.92
2006-05-08,36.583,32.289,19.44,2.32,7.59,8.52
2006-05-09,53.083,31.022,19.76,1.97,0.53,5.27
2006-05-10,42.25,30.877,19.56,3.26,0.0,8.17
2006-05-11,34.5,31.45,19.29,3.11,0.01,8.78
2006-05-12,39.583,31.576,18.99,3.67,0.83,10.5
2006-05-13,33.917,31.696,18.76,2.73,1.5,11.37
2006-05-14,21.667,31.506,18.68,2.68,2.51,10.88
2006-05-15,18.583,31.942,18.56,3.86,0.03,13.48
2006-05-16,26.0,32.301,18.35,4.29,0.15,15.41
2006-05-17,35.417,31.602,18.05,4.79,0.12,16.58
2006-05-18,18.833,32.358,17.79,4.9,0.88,18.82
2006-05-19,30.667,32.06,17.5,3.13,0.14,15.18
2006-05-20,55.0,30.406,17.16,3.3,0.0,12.05
2006-05-21,0.0,30.857,14.57,3.69,0.0,12.85
2006-05-22,2.917,31.158,13.14,3.78,0.0,13.21
2006-05-23,35.417,30.816,12.53,3.05,0.04,10.05
2006-05-24,39.917,31.427,11.9,2.35,0.32,6.65
2006-05-25,39.167,31.999,11.17,4.11,0.0,10.49
2006-05-26,42.0,32.291,10.49,5.23,0.0,12.84
2006-05-27,51.917,31.458,10.14,4.6,0.0,16.17
2006-05-28,41.333,31.924,10.1,5.72,0.1,18.27
2006-05-29,54.5,31.155,10.08,5.01,0.59,17.72
2006-05-30,35.667,31.498,10.13,4.39,0.33,15.27
2006-05-31,10.0,32.478,10.17,3.85,0.06,9.73
2006-06-01,,,10.15,3.34,0.0,6.17
2006-06-02,23.833,31.722,10.15,4.84,0.0,10.39
2006-06-03,21.5,31.468,10.14,3.76,0.0,8.45
2006-06-04,15.75,31.828,10.1,4.92,0.0,9.94
2006-06-05,13.833,32.374,10.11,5.57,0.0,13.2
2006-06-06,24.5,32.312,10.09,5.18,0.03,14.02
2006-06-07,38.417,31.307,10.11,5.57,0.01,15.51
2006-06-08,9.583,31.181,10.15,5.32,0.0,17.16
2006-06-09,4.75,31.045,10.13,4.41,0.0,16.5
2006-06-10,1.833,31.205,10.18,4.36,2.57,15.51
2006-06-11,0.0,32.295,10.12,3.45,0.07,14.57
2006-06-12,,31.862,10.12,5.37,0.0,15.87
2006-06-13,0.0,32.425,10.11,5.22,0.0,15.21
2006-06-14,0.0,32.363,10.1,5.48,0.04,15.94
2006-06-15,0.75,32.58,10.1,5.5,0.19,16.44
2006-06-16,8.667,32.111,10.32,5.02,0.1,18.93
2006-06-17,4.833,32.009,10.43,3.75,8.67,16.14
2006-06-18,3.167,32.123,10.28,4.14,0.79,16.19
2006-06-19,4.583,31.857,10.19,3.84,4.1,15.65
2006-06-20,0.417,32.358,10.22,5.32,0.05,18.93
2006-06-21,4.75,32.219,10.19,3.29,0.01,17.06
2006-06-22,2.833,32.215,10.15,3.89,0.0,18.37
2006-06-23,11.25,31.529,10.14,4.11,0.02,18.48
2006-06-24,2.75,31.524,10.12,5.29,0.29,19.55
2006-06-25,0.0,31.8,10.17,4.86,1.68,18.34
2006-06-26,0.0,32.053,10.26,3.5,0.36,15.5
2006-06-27,0.0,32.344,10.35,3.79,0.11,16.61
2006-06-28,0.583,32.386,10.65,4.29,6.77,17.27
2006-06-29,7.0,32.178,11.07,4.09,0.51,17.01
2006-06-30,,31.792,11.53,5.27,1.7,18.48
2006-07-01,3.667,31.97,12.02,4.71,1.48,18.59
2006-07-02,0.0,32.376,12.6,4.78,4.79,18.66
2006-07-03,0.5,32.415,13.31,5.74,0.07,14.79
2006-07-04,5.5,32.23,13.81,4.4,0.0,18.85
2006-07-05,0.5,32.405,14.31,5.45,0.53,17.62
2006-07-06,6.167,32.394,14.6,3.91,3.4,14.95
2006-07-07,7.583,31.968,14.84,3.44,0.21,14.07
2006-07-08,2.75,32.027,14.99,4.12,0.0,16.13
2006-07-09,0.5,32.345,15.01,5.53,0.0,18.45
2006-07-10,6.667,32.066,14.88,4.24,0.0,19.72
2006-07-11,13.5,32.173,14.71,5.83,0.0,21.59
2006-07-12,8.333,32.392,14.48,4.32,0.4,20.32
2006-07-13,12.833,32.23,14.32,3.97,1.05,19.83
2006-07-14,21.417,31.712,14.72,4.37,3.23,18.55
2006-07-15,14.583,31.638,15.18,4.83,5.04,17.91
2006-07-16,9.167,31.453,15.62,4.15,6.54,17.9
2006-07-17,1.083,31.581,16.32,4.77,2.01,17.97
2006-07-18,13.417,31.453,17.99,5.18,5.02,17.93
2006-07-19,17.417,31.659,18.99,5.54,0.29,18.66
2006-07-20,12.583,32.34,19.95,3.73,11.72,16.47
2006-07-21,30.333,31.962,21.12,5.14,0.01,19.47
2006-07-22,32.917,31.607,21.94,5.61,0.05,20.91
2006-07-23,19.25,31.774,22.45,4.3,0.04,20.07
2006-07-24,2.583,32.024,22.71,4.48,0.12,19.61
2006-07-25,30.167,31.687,22.81,4.95,1.62,20.23
2006-07-26,21.083,32.05,22.95,4.95,2.84,20.56
2006-07-27,22.167,32.321,23.12,5.41,0.0,20.23
2006-07-28,23.75,32.489,23.22,3.91,4.78,16.42
2006-07-29,19.833,32.735,23.45,3.87,1.39,15.69
2006-07-30,6.583,32.601,23.59,5.33,0.07,18.41
2006-07-31,3.417,32.719,23.58,5.66,0.0,20.69
2006-08-01,17.917,32.724,23.4,4.16,0.0,20.38
2006-08-02,7.083,32.455,23.07,4.14,0.0,18.43
2006-08-03,18.25,32.386,22.63,4.44,0.36,18.38
2006-08-04,10.833,32.893,22.18,3.65,0.53,15.41
2006-08-05,19.167,32.717,18.93,3.47,0.0,14.61
2006-08-06,9.167,32.376,16.95,3.77,0.0,15.11
2006-08-07,0.917,32.43,15.94,3.83,0.0,15.06
2006-08-08,11.833,32.392,15.09,4.77,0.0,17.17
2006-08-09,20.417,32.282,14.66,3.56,0.58,15.32
2006-08-10,15.333,32.274,14.04,3.85,0.05,16.03
2006-08-11,29.5,31.558,13.29,4.22,0.02,15.96
2006-08-12,22.0,31.519,12.65,4.11,0.0,16.08
2006-08-13,0.0,31.74,12.02,2.88,0.01,11.93
2006-08-14,0.833,32.032,11.36,3.14,0.0,11.54
2006-08-15,9.167,32.464,15.39,3.28,0.28,13.77
2006-08-16,2.5,32.787,24.82,2.31,22.67,9.65
2006-08-17,30.0,32.527,25.91,2.93,0.31,13.03
2006-08-18,,,26.1,2.4,3.7,10.18
2006-08-19,18.333,32.379,26.17,2.94,0.21,12.43
2006-08-20,0.333,32.468,26.03,2.97,0.27,13.58
2006-08-21,5.833,32.478,25.72,3.07,0.13,13.71
2006-08-22,26.083,32.248,25.28,3.75,0.02,16.22
2006-08-23,26.333,31.965,24.29,4.01,0.03,17.67
2006-08-24,18.5,32.358,24.63,3.91,5.04,17.29
2006-08-25,13.333,32.867,24.23,2.21,0.25,12.53
2006-08-26,15.583,32.438,23.76,2.68,0.7,12.77
2006-08-27,0.0,32.53,22.76,2.9,0.0,13.23
2006-08-28,1.75,32.861,18.88,3.49,0.0,15.19
2006-08-29,20.25,32.374,17.57,3.21,0.02,16.0
2006-08-30,12.0,32.405,16.7,3.38,0.16,17.83
2006-08-31,12.083,32.433,15.86,2.8,0.01,14.64
2006-09-01,12.75,32.438,14.9,3.2,0.0,16.22
2006-09-02,9.75,32.48,14.11,3.87,0.0,18.9
2006-09-03,6.417,32.316,13.33,2.81,0.0,17.8
2006-09-04,1.083,32.407,12.54,3.63,0.0,19.91
2006-09-05,13.0,32.457,11.84,3.8,0.0,20.66
2006-09-06,12.583,32.381,11.3,3.59,0.02,20.6
2006-09-07,8.5,32.501,11.86,2.91,1.13,19.45
2006-09-08,13.5,32.517,14.64,2.64,3.48,17.59
2006-09-09,7.333,32.087,15.68,2.92,4.43,17.52
2006-09-10,0.333,32.407,15.32,2.95,1.01,17.49
2006-09-11,4.417,32.462,16.27,2.51,2.88,16.42
2006-09-12,9.25,32.415,17.89,2.34,1.6,15.46
2006-09-13,11.583,32.23,24.17,1.96,12.71,13.36
2006-09-14,7.083,32.394,27.73,1.55,20.95,10.73
2006-09-15,7.333,32.353,29.36,1.05,14.0,7.76
2006-09-16,1.667,32.729,31.09,1.71,0.93,9.71
2006-09-17,18.333,31.491,32.54,1.5,2.7,9.51
2006-09-18,0.0,31.745,33.61,1.93,0.06,13.33
2006-09-19,1.917,32.092,34.23,1.73,0.01,12.36
2006-09-20,23.167,32.449,34.48,2.31,0.0,13.95
2006-09-21,24.833,32.3,34.46,2.54,0.0,14.68
2006-09-22,23.167,32.548,34.36,1.89,1.98,13.93
2006-09-23,23.417,32.43,35.88,1.5,8.33,12.97
2006-09-24,5.75,32.412,38.64,1.11,13.98,10.38
2006-09-25,3.167,32.519,40.41,1.27,4.04,9.25
2006-09-26,6.417,32.402,41.44,1.4,0.3,10.78
2006-09-27,22.333,32.071,41.94,1.41,0.0,10.48
2006-09-28,25.833,32.23,42.03,2.02,0.0,12.57
2006-09-29,24.167,32.394,41.78,1.66,0.0,13.21
2006-09-30,25.583,32.292,41.29,1.57,0.01,14.08
2006-10-01,20.417,32.152,40.63,1.37,0.73,13.66
2006-10-02,16.0,32.478,39.06,1.39,0.0,13.81
2006-10-03,37.083,32.293,32.78,1.88,0.11,16.89
2006-10-04,28.75,32.439,34.79,1.08,3.57,9.93
2006-10-05,45.25,32.186,34.39,0.94,0.95,7.5
2006-10-06,16.167,32.562,30.53,0.97,0.03,8.6
2006-10-07,28.25,32.587,28.85,1.23,0.05,11.07
2006-10-08,19.417,32.559,27.38,1.11,0.18,12.07
2006-10-09,14.083,32.509,25.92,1.33,0.0,13.27
2006-10-10,25.333,32.004,24.54,1.05,0.04,12.7
2006-10-11,18.333,32.423,23.64,1.04,0.16,13.18
2006-10-12,20.167,32.321,27.95,0.86,8.91,9.27
2006-10-13,1.833,32.46,29.15,0.78,1.53,7.24
2006-10-14,22.0,32.418,28.14,0.74,0.53,10.49
2006-10-15,,32.582,26.74,0.89,0.01,10.59
2006-10-16,7.833,32.53,25.3,0.74,0.0,9.62
2006-10-17,17.583,32.877,23.92,0.65,0.0,9.25
2006-10-18,23.333,32.546,29.29,0.73,0.1,9.52
2006-10-19,15.833,32.363,39.11,0.69,17.45,8.27
2006-10-20,13.5,31.968,38.94,0.61,3.4,7.63
2006-10-21,7.667,32.344,38.22,0.54,1.09,8.29
2006-10-22,3.667,32.436,37.44,0.48,0.07,9.68
2006-10-23,1.083,32.779,37.04,0.55,3.72,10.59
2006-10-24,12.333,32.43,36.66,0.58,4.49,8.3
2006-10-25,5.333,32.368,36.15,0.4,0.01,9.78
2006-10-26,8.25,32.03,35.53,0.58,0.01,13.28
2006-10-27,0.583,32.373,34.78,0.55,0.17,12.62
2006-10-28,6.5,32.084,29.77,0.49,0.18,14.58
2006-10-29,1.5,32.35,26.85,0.55,0.01,16.05
2006-10-30,6.917,32.144,25.35,0.41,0.0,14.89
2006-10-31,7.75,32.381,23.99,0.44,0.04,14.53
2006-11-01,24.75,32.186,22.64,0.32,0.04,12.54
2006-11-02,1.167,32.546,21.41,0.36,0.02,9.98
2006-11-03,13.917,32.399,20.24,0.22,0.0,6.74
2006-11-04,11.917,32.381,19.13,0.23,0.0,4.79
2006-11-05,1.5,32.421,18.09,0.23,0.02,6.17
2006-11-06,17.5,31.622,17.11,0.18,0.01,6.19
2006-11-07,12.083,31.939,16.16,0.38,0.0,7.62
2006-11-08,12.667,32.03,15.28,0.32,0.0,7.0
2006-11-09,9.333,32.405,14.45,0.25,0.0,8.9
2006-11-10,13.0,32.444,13.67,0.28,0.0,9.48
2006-11-11,12.167,32.562,12.93,0.31,0.0,9.94
2006-11-12,3.167,32.59,12.25,0.3,0.05,9.37
2006-11-13,4.917,32.58,11.86,0.38,0.65,7.76
2006-11-14,4.5,32.418,11.39,0.47,0.01,10.23
2006-11-15,9.167,31.945,10.84,0.47,0.03,10.14
2006-11-16,0.75,32.402,13.68,0.38,0.09,8.08
2006-11-17,8.833,32.418,32.83,0.27,23.23,6.26
2006-11-18,7.167,32.59,33.01,0.21,0.41,3.63
2006-11-19,8.833,32.59,27.13,0.18,0.01,5.23
2006-11-20,7.167,32.572,25.06,0.2,0.07,6.78
2006-11-21,11.0,32.353,23.6,0.13,0.01,5.52
2006-11-22,31.333,32.173,23.8,0.12,4.36,3.74
2006-11-23,13.667,32.402,23.95,0.3,0.5,7.24
2006-11-24,21.667,32.397,23.28,0.19,0.0,6.63
2006-11-25,29.5,32.31,24.83,0.16,3.61,7.02
2006-11-26,35.083,31.996,24.73,0.22,0.38,7.7
2006-11-27,34.75,32.03,23.67,0.14,0.14,7.55
2006-11-28,22.083,32.366,22.44,0.16,0.01,5.56
2006-11-29,34.0,32.017,21.24,0.19,0.14,4.1
2006-11-30,35.083,32.435,20.1,0.15,0.02,4.2
2006-12-01,45.333,30.824,18.98,0.24,0.01,3.02
2006-12-02,27.333,31.859,17.96,0.55,0.04,4.08
2006-12-03,31.5,32.405,17.01,0.17,0.01,3.3
2006-12-04,37.917,32.355,16.09,0.17,0.0,4.78
2006-12-05,47.0,31.514,15.5,0.18,0.07,6.43
2006-12-06,34.583,31.674,18.34,0.09,5.84,4.44
2006-12-07,19.25,31.875,18.49,0.22,1.32,0.88
2006-12-08,22.083,31.869,19.06,0.17,0.89,3.2
2006-12-09,21.083,31.529,20.05,0.04,6.14,0.27
2006-12-10,0.0,31.867,18.94,0.12,0.14,0.85
2006-12-11,2.083,32.142,17.86,0.11,0.07,-0.25
2006-12-12,24.417,32.066,16.87,0.17,0.07,-0.05
2006-12-13,19.167,32.431,16.0,0.2,0.04,2.6
2006-12-14,31.5,31.691,15.39,0.28,0.01,3.41
2006-12-15,25.5,31.432,14.89,0.35,0.0,4.58
2006-12-16,19.167,31.689,14.19,0.24,0.04,3.79
2006-12-17,9.167,31.743,13.5,0.2,0.0,4.31
2006-12-18,2.0,32.019,12.8,0.1,0.07,1.42
2006-12-19,24.417,31.9,12.11,0.2,0.01,-0.88
2006-12-20,28.583,31.535,11.46,0.09,0.02,-3.6
2006-12-21,24.167,31.571,10.83,0.16,0.0,-1.86
2006-12-22,26.417,31.633,10.48,0.14,0.01,-2.63
2006-12-23,28.417,31.406,10.43,0.07,0.03,-4.35
2006-12-24,0.0,31.738,10.4,0.2,0.02,0.7
2006-12-25,0.0,31.986,10.38,0.29,0.0,2.11
2006-12-26,1.917,32.209,10.37,0.37,0.0,3.9
2006-12-27,23.5,32.139,10.35,0.34,0.0,3.7
2006-12-28,28.583,32.006,10.34,0.32,0.0,3.24
2006-12-29,24.583,32.064,10.33,0.31,0.0,2.45
2006-12-30,28.833,31.507,10.32,0.39,0.0,2.5
2006-12-31,4.833,32.255,10.3,0.39,0.0,4.68
2007-01-01,2.75,32.376,10.3,0.46,0.0,6.99
2007-01-02,2.333,32.43,10.29,0.28,0.03,5.27
2007-01-03,28.167,32.366,10.29,0.52,0.03,3.5
2007-01-04,29.917,31.942,10.28,0.45,0.13,7.28
2007-01-05,28.167,31.743,10.28,0.3,0.04,5.8
2007-01-06,17.583,32.374,10.28,0.32,0.04,6.19
2007-01-07,1.833,32.41,10.28,0.31,0.0,4.9
2007-01-08,1.833,32.491,10.28,0.22,0.0,3.69
2007-01-09,22.083,32.446,10.27,0.16,0.24,3.46
2007-01-10,22.5,32.528,10.27,0.3,0.01,7.66
2007-01-11,17.333,31.808,10.27,0.29,0.03,6.37
2007-01-12,20.333,31.471,10.27,0.32,0.02,5.9
2007-01-13,11.917,31.836,10.27,0.46,0.01,9.56
2007-01-14,0.0,32.139,10.27,0.44,0.01,9.22
2007-01-15,1.5,32.36,10.27,0.28,0.0,6.94
2007-01-16,17.833,32.59,10.28,0.3,0.0,5.19
2007-01-17,15.833,32.53,10.28,0.13,0.0,1.59
2007-01-18,13.25,31.895,10.27,0.25,0.03,4.36
2007-01-19,5.083,32.136,10.27,0.36,0.0,7.21
2007-01-20,5.583,31.988,10.27,0.44,0.02,11.07
2007-01-21,1.083,32.258,10.28,0.44,0.0,9.33
2007-01-22,3.25,32.389,10.38,0.16,0.01,3.86
2007-01-23,16.417,32.276,10.56,0.06,5.43,0.45
2007-01-24,10.5,32.609,10.49,0.36,0.2,-2.85
2007-01-25,15.667,32.468,10.46,0.4,0.07,-3.65
2007-01-26,12.583,32.452,10.42,0.09,0.17,-5.85
2007-01-27,17.417,31.996,10.38,0.19,0.02,-4.63
2007-01-28,0.0,32.378,10.36,0.49,0.0,0.78
2007-01-29,2.083,32.785,10.34,0.31,0.02,2.14
2007-01-30,25.083,32.493,10.33,0.37,0.0,4.55
2007-01-31,25.917,32.4,10.32,0.35,0.03,3.99
2007-02-01,24.25,31.683,10.31,0.2,0.06,3.34
2007-02-02,15.417,31.716,10.29,0.21,0.01,3.69
2007-02-03,8.25,32.374,10.29,0.27,0.0,4.01
2007-02-04,0.0,32.402,10.29,0.33,0.0,4.83
2007-02-05,1.333,32.373,10.28,0.2,0.0,2.47
2007-02-06,14.667,32.055,10.27,0.15,0.19,1.82
2007-02-07,0.0,32.024,10.27,0.28,0.08,2.05
2007-02-08,0.0,32.038,10.29,0.24,0.02,2.47
2007-02-09,0.0,32.504,10.45,0.29,2.11,0.56
2007-02-10,,32.541,10.45,0.34,2.0,2.27
2007-02-11,0.0,32.045,10.41,0.48,1.22,3.6
2007-02-12,,32.564,10.47,0.45,3.88,7.87
2007-02-13,15.917,32.264,10.51,0.56,5.23,2.97
2007-02-14,14.833,32.116,10.48,0.45,0.0,4.65
2007-02-15,12.667,32.058,10.46,0.47,1.5,3.85
2007-02-16,9.083,32.037,10.42,0.76,0.0,8.23
2007-02-17,9.167,31.825,10.5,1.02,0.13,8.18
2007-02-18,0.0,32.025,10.53,0.51,4.56,1.65
2007-02-19,0.667,32.336,10.48,0.45,1.88,1.69
2007-02-20,8.333,32.285,10.44,0.39,0.01,3.6
2007-02-21,12.167,32.017,10.43,0.43,0.0,4.05
2007-02-22,13.333,31.952,10.4,0.48,0.12,2.87
2007-02-23,6.5,32.493,10.37,0.51,0.0,2.82
2007-02-24,11.25,32.46,10.35,0.61,0.04,4.82
2007-02-25,2.75,32.407,10.35,0.62,0.15,4.89
2007-02-26,0.917,32.46,10.38,0.62,2.64,2.05
2007-02-27,11.417,32.394,10.35,0.88,0.13,4.94
2007-02-28,15.583,32.295,10.33,0.95,0.0,7.84
2007-03-01,10.667,32.162,10.33,0.82,0.01,6.18
2007-03-02,7.083,32.282,10.31,0.82,0.0,6.07
2007-03-03,7.333,32.349,10.3,1.03,0.07,8.56
2007-03-04,0.167,32.478,10.28,0.94,0.0,8.51
2007-03-05,2.75,32.604,10.28,1.3,0.03,9.57
2007-03-06,11.333,32.399,10.28,1.0,0.0,6.06
2007-03-07,15.167,32.353,10.67,0.87,0.09,3.53
2007-03-08,16.333,32.173,10.87,0.72,10.53,1.35
2007-03-09,9.167,32.41,11.03,1.02,1.38,1.75
2007-03-10,10.417,32.501,11.36,1.13,0.28,5.01
2007-03-11,3.917,32.559,11.65,1.6,0.01,2.88
2007-03-12,4.0,32.554,11.92,1.67,0.0,4.14
2007-03-13,14.833,32.47,12.14,1.25,0.0,4.21
2007-03-14,13.0,32.17,12.33,1.59,0.0,6.45
2007-03-15,12.75,32.035,12.53,1.66,0.0,7.53
2007-03-16,10.167,32.116,12.78,1.34,1.76,7.27
2007-03-17,11.0,32.079,12.93,1.14,0.45,5.05
2007-03-18,0.333,32.313,13.02,1.66,0.0,6.21
2007-03-19,4.0,32.371,13.04,1.84,0.05,7.46
2007-03-20,4.75,32.358,13.04,1.04,3.38,-0.6
2007-03-21,13.75,32.196,12.98,0.9,0.89,-4.03
2007-03-22,22.25,31.978,12.87,1.19,0.98,-1.67
2007-03-23,25.333,31.774,12.7,1.31,0.06,-0.57
2007-03-24,28.917,31.798,12.55,1.51,1.71,2.28
2007-03-25,29.25,32.651,12.41,1.19,0.6,-0.13
2007-03-26,41.5,32.3,12.21,1.24,0.03,1.78
2007-03-27,26.0,32.497,12.02,1.27,0.37,2.37
2007-03-28,35.083,31.859,11.85,1.3,0.32,2.93
2007-03-29,14.833,32.379,11.7,1.29,0.28,3.25
2007-03-30,23.833,32.121,11.69,1.54,0.34,4.03
2007-03-31,20.75,32.139,12.2,1.49,5.56,2.99
2007-04-01,8.417,32.267,14.74,1.33,5.29,2.54
2007-04-02,23.833,31.506,18.6,1.23,24.82,2.07
2007-04-03,24.333,31.908,24.04,1.54,22.46,4.82
2007-04-04,48.25,31.968,26.01,1.19,4.22,2.7
2007-04-05,28.75,31.968,27.63,1.31,0.59,0.95
2007-04-06,25.417,31.628,29.14,1.5,0.93,3.29
2007-04-07,18.083,31.332,30.25,1.77,1.55,5.3
2007-04-08,8.25,31.514,31.05,1.97,0.52,5.19
2007-04-09,11.917,31.669,31.83,2.31,0.11,6.77
2007-04-10,21.583,31.888,32.49,1.97,0.11,5.69
2007-04-11,20.75,32.611,32.97,1.8,0.27,5.41
2007-04-12,58.667,31.138,33.62,2.06,0.06,7.2
2007-04-13,23.5,31.537,34.85,1.76,9.74,6.61
2007-04-14,39.667,31.627,35.87,1.72,3.44,6.69
2007-04-15,36.0,31.962,36.63,1.75,1.46,7.63
2007-04-16,36.75,31.581,37.29,2.37,1.75,9.13
2007-04-17,45.25,31.409,38.02,2.59,0.82,10.52
2007-04-18,47.333,31.091,38.52,2.38,0.32,9.8
2007-04-19,40.25,31.317,38.81,3.27,0.31,10.97
2007-04-20,43.25,31.286,39.04,3.41,1.12,11.08
2007-04-21,45.25,30.981,39.18,3.25,1.5,10.92
2007-04-22,37.0,31.378,39.4,3.61,3.09,11.47
2007-04-23,37.75,31.684,39.38,3.6,1.1,12.21
2007-04-24,45.417,31.332,39.21,3.72,0.18,13.14
2007-04-25,39.333,31.501,38.87,3.72,0.02,13.48
2007-04-26,43.75,31.437,38.37,3.09,0.2,11.46
2007-04-27,51.417,30.721,37.73,2.85,0.0,9.87
2007-04-28,44.917,30.586,37.12,2.57,3.37,8.73
2007-04-29,43.417,30.633,36.61,2.53,0.5,7.83
2007-04-30,36.167,30.594,36.2,2.82,0.98,8.72
2007-05-01,26.167,31.471,39.41,2.61,11.13,8.47
2007-05-02,19.417,32.085,42.46,1.02,24.7,2.13
2007-05-03,45.75,31.357,43.31,2.15,0.59,4.32
2007-05-04,43.083,31.465,44.08,2.39,2.91,6.11
2007-05-05,43.0,31.497,44.4,2.41,2.44,6.56
2007-05-06,34.167,32.369,44.57,2.71,1.63,7.49
2007-05-07,56.917,31.309,44.6,2.49,1.05,6.44
2007-05-08,44.25,31.286,44.53,3.7,0.0,11.26
2007-05-09,36.667,31.962,44.51,4.39,0.0,12.76
2007-05-10,43.5,31.983,44.38,4.44,0.0,13.49
2007-05-11,38.667,32.514,44.02,4.4,0.0,14.45
2007-05-12,45.167,32.426,43.42,3.97,0.0,13.49
2007-05-13,37.583,32.957,42.65,4.47,0.0,14.88
2007-05-14,54.583,32.026,42.19,3.69,0.06,13.14
2007-05-15,49.083,30.994,41.85,2.23,7.73,6.14
2007-05-16,40.167,31.092,41.29,3.35,0.14,8.28
2007-05-17,51.25,30.414,40.67,3.19,0.57,9.89
2007-05-18,34.833,31.525,39.89,2.82,1.15,12.46
2007-05-19,67.667,30.778,39.39,4.87,0.01,16.99
2007-05-20,86.0,30.867,39.01,2.58,5.79,12.06
2007-05-21,84.083,30.366,38.5,3.82,0.63,14.05
2007-05-22,64.0,31.01,37.89,3.65,0.04,13.64
2007-05-23,74.0,30.962,37.17,4.19,0.14,15.44
2007-05-24,61.0,30.518,36.33,3.64,0.63,14.29
2007-05-25,40.833,31.46,32.74,4.24,0.38,14.54
2007-05-26,61.25,31.043,39.85,3.9,17.84,12.77
2007-05-27,61.833,31.479,42.53,2.83,5.16,9.16
2007-05-28,39.917,32.152,43.01,2.49,2.57,6.71
2007-05-29,60.667,31.107,42.96,2.81,0.14,5.12
2007-05-30,57.0,30.813,42.62,3.99,0.0,9.92
2007-05-31,56.083,30.686,42.07,3.89,0.29,12.41
2007-06-01,45.333,30.859,41.36,2.76,1.57,8.58
2007-06-02,37.583,31.286,40.53,3.45,0.06,8.66
2007-06-03,34.333,31.919,37.42,4.26,0.0,11.07
2007-06-04,48.417,31.409,35.39,3.76,0.52,12.44
2007-06-05,42.75,31.35,40.81,3.04,14.52,10.17
2007-06-06,49.75,30.742,41.0,3.19,5.81,9.89
2007-06-07,36.0,31.13,41.19,4.05,1.55,12.61
2007-06-08,,30.821,41.02,3.66,0.1,13.03
2007-06-09,30.583,31.397,40.6,5.25,0.01,17.07
2007-06-10,47.25,30.944,40.08,4.55,1.56,16.12
2007-06-11,39.667,31.188,39.46,4.11,2.47,14.39
2007-06-12,46.5,30.803,38.91,4.47,0.01,14.74
2007-06-13,40.583,30.938,38.21,4.59,0.56,15.53
2007-06-14,36.333,31.491,37.63,4.73,4.33,16.12
2007-06-15,40.167,31.381,37.46,3.61,3.26,13.24
2007-06-16,41.583,31.445,37.09,3.69,0.02,12.56
2007-06-17,38.5,31.746,36.57,3.91,0.92,13.08
2007-06-18,52.667,30.812,35.98,3.38,1.41,13.36
2007-06-19,28.917,31.939,35.22,3.52,0.31,14.51
2007-06-20,49.25,31.327,30.71,4.43,0.02,16.77
2007-06-21,40.333,31.486,27.52,4.0,0.31,15.09
2007-06-22,34.083,31.947,26.07,3.76,0.0,13.66
2007-06-23,45.0,31.396,24.56,3.55,0.0,12.49
2007-06-24,32.5,31.317,23.12,4.39,0.0,15.19
2007-06-25,17.667,31.957,21.93,4.66,0.06,17.12
2007-06-26,34.75,31.54,20.81,3.49,0.03,12.6
2007-06-27,21.5,31.625,19.65,3.57,0.0,11.21
2007-06-28,26.167,31.666,18.5,3.66,0.0,12.0
2007-06-29,17.833,32.103,17.42,4.47,0.0,14.73
2007-06-30,26.417,31.931,16.41,4.21,0.0,16.21
2007-07-01,18.583,32.255,15.6,5.18,0.01,18.08
2007-07-02,6.417,32.247,15.53,3.72,1.65,15.25
2007-07-03,42.583,30.879,15.09,3.74,0.04,14.21
2007-07-04,26.25,30.833,14.29,4.46,0.01,16.15
2007-07-05,18.667,31.25,13.44,3.67,0.0,12.62
2007-07-06,26.25,31.181,12.57,5.1,0.0,15.81
2007-07-07,26.583,31.068,11.84,5.58,0.0,18.22
2007-07-08,0.0,31.393,11.27,5.3,0.0,19.58
2007-07-09,1.833,31.519,13.55,4.28,6.3,17.48
2007-07-10,21.5,31.053,15.2,2.86,0.11,10.39
2007-07-11,16.667,31.161,14.4,4.18,0.05,12.74
2007-07-12,23.167,30.805,13.57,3.53,0.0,12.27
2007-07-13,13.833,30.982,12.71,4.57,0.0,15.55
2007-07-14,11.333,31.678,11.97,5.37,0.0,18.35
2007-07-15,3.667,31.625,11.33,4.84,0.0,18.57
2007-07-16,1.917,31.934,10.67,4.75,0.0,17.99
2007-07-17,22.917,31.594,10.31,4.88,0.0,19.15
2007-07-18,21.667,31.589,10.28,4.06,0.0,18.32
2007-07-19,17.667,31.547,10.25,4.13,0.0,18.62
2007-07-20,13.917,31.717,10.27,4.22,0.26,17.87
2007-07-21,11.917,31.745,26.72,3.28,0.63,15.54
2007-07-22,0.0,32.092,40.83,2.65,29.37,11.71
2007-07-23,0.75,32.468,36.78,3.6,0.1,14.94
2007-07-24,9.75,32.483,30.07,3.49,0.12,14.89
2007-07-25,18.917,32.313,27.43,3.85,0.0,15.05
2007-07-26,28.75,32.04,25.45,4.68,0.0,17.16
2007-07-27,25.833,32.199,23.87,5.29,0.06,19.5
2007-07-28,22.0,32.392,22.54,4.77,0.08,20.11
2007-07-29,0.583,32.593,21.24,4.28,0.0,18.51
2007-07-30,7.667,32.29,20.03,4.53,0.07,18.7
2007-07-31,15.583,32.41,18.88,4.59,0.0,17.26
2007-08-01,21.833,32.142,17.79,5.08,0.0,19.29
2007-08-02,19.5,32.064,16.88,5.04,0.03,20.35
2007-08-03,14.417,32.462,16.0,3.52,0.01,17.3
2007-08-04,19.583,32.266,14.99,3.99,0.0,17.58
2007-08-05,23.833,30.444,14.21,5.32,0.0,20.78
2007-08-06,0.25,30.707,15.7,5.22,3.32,21.34
2007-08-07,3.75,31.787,30.53,2.95,13.55,16.31
2007-08-08,12.333,32.167,37.04,2.0,9.31,11.47
2007-08-09,16.5,31.643,30.81,2.69,0.04,11.13
2007-08-10,21.583,31.537,28.44,3.0,0.0,11.79
2007-08-11,15.583,31.944,26.63,3.9,0.0,14.39
2007-08-12,0.0,32.081,26.23,4.05,0.0,16.26
2007-08-13,1.333,32.308,30.69,3.24,10.36,14.87
2007-08-14,15.167,31.996,29.86,3.31,0.3,15.36
2007-08-15,6.0,32.3,28.08,3.91,0.0,17.9
2007-08-16,,31.916,26.57,4.01,0.04,18.38
2007-08-17,14.583,32.397,25.14,2.53,0.01,12.99
2007-08-18,19.75,32.344,23.69,2.82,0.0,13.38
2007-08-19,5.5,32.41,22.41,3.46,0.0,15.19
2007-08-20,2.0,32.449,21.3,2.52,0.3,12.21
2007-08-21,23.417,31.957,20.42,2.71,0.69,11.66
2007-08-22,17.0,32.245,24.43,2.14,0.28,9.3
2007-08-23,17.5,32.574,28.49,2.16,8.05,9.61
2007-08-24,23.25,32.36,25.67,2.41,2.42,12.09
2007-08-25,25.917,31.882,24.16,2.38,0.18,13.05
2007-08-26,23.333,31.7,22.73,3.47,0.39,18.29
2007-08-27,7.333,32.098,21.43,3.8,0.03,21.51
2007-08-28,32.833,31.166,20.18,4.14,0.0,21.85
2007-08-29,31.333,31.184,19.25,4.22,0.02,22.09
2007-08-30,34.667,31.079,18.89,3.03,1.0,17.36
2007-08-31,29.75,31.194,17.92,2.26,0.04,12.16
2007-09-01,16.333,31.555,16.82,2.76,0.0,13.31
2007-09-02,19.833,31.838,15.85,3.43,0.0,15.35
2007-09-03,19.167,32.129,15.03,3.43,0.0,16.36
2007-09-04,32.417,31.818,14.55,2.76,0.51,14.5
2007-09-05,36.833,31.224,13.83,2.39,0.0,12.52
2007-09-06,35.417,31.178,13.02,2.98,0.0,13.81
2007-09-07,38.583,30.747,12.31,3.22,0.0,14.72
2007-09-08,23.167,31.563,11.67,2.86,0.0,14.2
2007-09-09,24.667,31.55,11.01,2.95,0.0,14.85
2007-09-10,21.833,31.427,10.44,3.11,0.0,15.42
2007-09-11,30.667,31.617,10.26,2.9,0.0,15.17
2007-09-12,27.083,31.542,10.25,2.98,0.0,15.51
2007-09-13,27.917,31.659,10.25,2.8,0.01,16.24
2007-09-14,26.917,31.707,10.27,2.32,0.05,15.8
2007-09-15,25.5,31.955,10.26,1.96,2.07,14.19
2007-09-16,20.417,32.134,10.25,2.14,0.0,15.4
2007-09-17,24.75,31.627,11.73,2.15,0.07,15.66
2007-09-18,22.083,32.035,14.6,2.0,5.33,14.21
2007-09-19,23.417,32.468,12.64,1.5,0.09,10.17
2007-09-20,29.5,32.367,11.58,1.74,0.0,11.48
2007-09-21,44.083,30.971,10.87,2.34,0.0,13.64
2007-09-22,22.833,31.244,10.48,1.77,0.66,14.41
2007-09-23,19.5,31.496,11.0,1.53,1.38,13.65
2007-09-24,5.083,31.769,12.61,1.47,4.09,12.7
2007-09-25,27.917,31.638,13.26,1.74,0.1,14.66
2007-09-26,26.333,31.448,12.62,1.26,0.03,9.97
2007-09-27,18.833,31.581,12.01,1.2,0.24,6.68
2007-09-28,17.75,32.131,11.43,1.06,0.05,3.52
2007-09-29,25.917,32.255,10.93,1.49,0.0,7.78
2007-09-30,23.167,32.379,10.68,1.31,1.19,11.16
2007-10-01,5.333,32.408,10.33,1.37,0.01,13.26
2007-10-02,30.417,31.776,10.27,1.6,0.0,14.5
2007-10-03,23.167,31.808,11.21,1.49,0.0,15.48
2007-10-04,15.917,32.374,14.37,1.06,7.54,10.65
2007-10-05,35.25,31.427,17.55,1.22,7.25,13.17
2007-10-06,15.167,31.97,19.65,1.05,4.68,11.04
2007-10-07,5.5,32.043,19.49,1.08,0.08,12.27
2007-10-08,1.167,32.272,27.28,1.13,0.63,13.41
2007-10-09,15.333,32.835,26.62,0.94,7.33,10.46
2007-10-10,28.75,32.092,22.6,0.94,0.06,10.32
2007-10-11,15.583,32.455,25.7,0.83,8.51,8.39
2007-10-12,22.0,32.249,24.65,0.82,0.06,9.05
2007-10-13,20.167,31.268,23.14,0.75,0.0,8.86
2007-10-14,0.833,31.414,21.8,1.03,0.0,10.43
2007-10-15,10.583,31.506,20.59,0.88,0.0,10.43
2007-10-16,16.833,31.906,19.57,0.75,0.19,9.94
2007-10-17,15.5,31.921,18.55,0.64,0.0,9.76
2007-10-18,20.917,31.764,17.57,0.63,0.23,8.96
2007-10-19,20.0,31.602,16.59,0.63,0.01,9.61
2007-10-20,18.333,31.699,15.67,0.85,0.0,10.94
2007-10-21,0.0,31.851,14.82,0.79,0.0,8.16
2007-10-22,2.5,31.921,14.01,0.7,0.0,9.12
2007-10-23,29.0,31.45,13.26,0.54,0.0,9.39
2007-10-24,18.0,31.578,12.56,0.47,0.0,8.62
2007-10-25,18.167,31.756,12.27,0.42,0.0,7.86
2007-10-26,19.917,31.854,15.54,0.42,5.89,4.03
2007-10-27,17.75,31.996,14.68,0.35,0.07,4.29
2007-10-28,3.667,32.001,13.86,0.32,0.04,7.09
2007-10-29,0.333,32.079,13.16,0.51,0.0,8.98
2007-10-30,4.25,32.285,12.49,0.44,0.11,8.24
2007-10-31,7.167,31.991,12.05,0.54,1.49,3.83
2007-11-01,8.25,31.599,11.75,0.54,0.0,6.03
2007-11-02,0.0,31.669,11.55,0.46,0.05,9.31
2007-11-03,0.0,31.823,11.13,0.47,0.0,9.37
2007-11-04,0.0,31.978,10.6,0.46,0.0,10.22
2007-11-05,0.25,32.186,10.39,0.36,0.0,8.96
2007-11-06,2.75,32.906,10.37,0.37,0.12,8.56
2007-11-07,0.25,32.707,10.36,0.56,0.05,7.71
2007-11-08,2.75,30.643,10.35,0.6,0.0,9.77
2007-11-09,0.0,31.999,10.34,0.5,0.0,10.22
2007-11-10,0.0,32.056,10.33,0.58,0.0,7.04
2007-11-11,0.0,32.381,10.32,0.56,0.0,7.76
2007-11-12,0.667,32.459,10.32,0.67,0.0,9.98
2007-11-13,8.083,32.017,10.32,0.51,0.0,7.54
2007-11-14,8.25,31.571,10.31,0.37,0.0,5.12
2007-11-15,0.0,31.664,10.3,0.45,0.3,2.55
2007-11-16,0.0,31.753,10.29,0.42,0.06,-2.64
2007-11-17,0.0,31.823,10.29,0.5,0.01,-1.13
2007-11-18,0.0,31.97,10.29,0.53,0.0,2.43
2007-11-19,0.0,32.027,10.29,0.48,0.0,3.4
2007-11-20,0.0,32.03,12.61,0.52,0.36,5.68
2007-11-21,0.5,32.017,30.26,0.22,29.73,6.15
2007-11-22,6.0,31.532,32.21,0.13,1.31,5.0
2007-11-23,,31.212,29.24,0.11,0.15,3.71
2007-11-24,3.667,31.419,25.37,0.28,1.48,1.6
2007-11-25,0.0,31.547,23.74,0.21,0.02,3.01
2007-11-26,0.0,31.735,22.42,0.48,0.0,5.3
2007-11-27,1.167,31.854,21.31,0.59,0.0,6.67
2007-11-28,12.833,30.997,20.17,0.34,0.0,3.01
2007-11-29,0.083,31.194,19.05,0.27,0.0,3.43
2007-11-30,1.583,31.151,18.0,0.29,0.0,2.88
2007-12-01,8.0,30.627,17.03,0.34,0.0,5.66
2007-12-02,8.333,30.042,16.25,0.29,0.17,5.01
2007-12-03,11.417,29.123,15.42,0.2,0.13,4.32
2007-12-04,5.75,29.191,14.85,0.53,0.37,5.99
2007-12-05,14.75,30.287,14.58,0.27,0.59,6.56
2007-12-06,23.417,30.729,14.05,0.48,0.0,7.8
2007-12-07,28.167,30.678,13.43,0.34,0.0,7.25
2007-12-08,28.25,30.744,13.0,0.3,0.47,5.85
2007-12-09,8.917,30.887,13.37,0.34,2.82,5.12
2007-12-10,9.25,31.286,14.08,0.19,2.0,3.28
2007-12-11,23.083,32.004,14.5,0.35,5.81,1.1
2007-12-12,25.167,32.363,13.93,0.3,0.37,-2.68
2007-12-13,37.417,31.599,13.26,0.36,0.0,-0.51
2007-12-14,30.5,31.659,12.61,0.36,0.0,-0.16
2007-12-15,24.5,31.65,12.07,0.38,0.0,2.5
2007-12-16,19.083,31.217,11.62,0.36,0.0,-1.78
2007-12-17,20.833,30.798,11.04,0.13,0.0,-5.45
2007-12-18,29.333,30.9,10.48,0.2,0.0,-4.12
2007-12-19,22.25,31.761,10.28,0.21,0.0,-1.32
2007-12-20,25.917,32.214,10.27,0.31,0.0,-0.78
2007-12-21,35.583,31.849,10.28,0.24,0.13,0.34
2007-12-22,29.417,31.597,10.28,0.21,0.09,1.8
2007-12-23,11.0,31.635,10.28,0.17,0.0,2.78
2007-12-24,2.0,31.761,10.28,0.23,0.0,3.13
2007-12-25,22.417,31.908,10.27,0.33,0.0,3.27
2007-12-26,5.5,31.973,10.27,0.38,0.0,4.02
2007-12-27,11.917,32.055,10.27,0.28,0.0,2.71
2007-12-28,23.167,31.968,10.27,0.34,0.0,2.76
2007-12-29,33.417,31.327,10.27,0.34,0.13,1.54
2007-12-30,4.583,31.486,10.27,0.35,0.06,3.73
2007-12-31,1.667,31.968,10.26,0.32,0.06,3.07
2008-01-01,18.333,31.692,10.27,0.49,0.0,3.23
2008-01-02,1.75,32.046,10.3,0.42,0.0,2.55
2008-01-03,20.0,31.599,10.82,0.28,1.38,1.52
2008-01-04,9.583,31.962,10.96,0.07,12.44,-0.18
2008-01-05,14.667,31.599,10.69,0.14,0.51,2.32
2008-01-06,0.0,31.656,10.61,0.16,0.94,3.8
2008-01-07,0.0,31.71,11.24,0.19,0.62,6.91
2008-01-08,0.0,32.279,12.11,0.16,0.08,5.31
2008-01-09,,32.001,11.8,0.07,0.18,3.07
2008-01-10,20.667,32.423,11.65,0.09,0.83,4.13
2008-01-11,17.417,32.627,12.04,0.09,0.66,3.64
2008-01-12,20.75,32.342,14.89,0.08,11.25,0.6
2008-01-13,7.0,32.379,14.75,0.26,0.55,0.74
2008-01-14,9.167,32.426,14.14,0.26,0.12,2.49
2008-01-15,32.417,32.009,13.62,0.12,0.6,0.5
2008-01-16,25.75,32.155,13.71,0.19,3.47,0.46
2008-01-17,21.083,32.199,13.57,0.07,3.61,-0.49
2008-01-18,0.0,32.395,14.55,0.15,4.64,2.67
2008-01-19,0.0,32.637,16.46,0.21,0.2,6.34
2008-01-20,0.0,32.47,16.84,0.24,0.02,5.68
2008-01-21,1.417,32.514,16.85,0.37,0.02,7.1
2008-01-22,16.667,32.379,17.23,0.45,0.56,6.8
2008-01-23,14.333,32.431,17.73,0.54,0.0,6.12
2008-01-24,27.917,32.063,17.75,0.35,0.0,5.52
2008-01-25,16.583,32.113,17.32,0.3,0.02,4.98
2008-01-26,21.083,32.035,16.81,0.31,0.0,3.74
2008-01-27,0.0,32.124,16.16,0.36,0.0,4.26
2008-01-28,0.667,32.149,15.62,0.4,0.0,5.75
2008-01-29,8.0,32.103,15.34,0.46,0.04,7.27
2008-01-30,8.583,31.916,14.96,0.38,0.12,4.13
2008-01-31,14.5,32.074,14.48,0.32,0.08,3.44
2008-02-01,9.5,32.263,13.79,0.25,0.0,1.49
2008-02-02,14.333,32.468,13.09,0.15,0.29,0.5
2008-02-03,6.833,32.491,12.65,0.21,0.0,-0.15
2008-02-04,6.583,32.402,15.26,0.25,13.94,0.85
2008-02-05,23.333,32.027,15.51,0.22,0.18,-0.5
2008-02-06,15.667,31.712,15.21,0.29,0.0,3.38
2008-02-07,11.75,31.96,16.05,0.32,0.01,5.59
2008-02-08,8.75,31.638,16.85,0.46,0.0,6.84
2008-02-09,5.5,32.47,16.88,0.41,0.0,4.9
2008-02-10,0.0,32.527,16.41,0.32,0.0,3.37
2008-02-11,0.833,32.514,15.86,0.34,0.0,3.03
2008-02-12,10.583,32.337,15.17,0.32,0.0,0.71
2008-02-13,16.417,31.97,14.43,0.29,0.0,0.41
2008-02-14,10.333,31.981,13.7,0.27,0.0,0.25
2008-02-15,13.833,31.475,13.02,0.25,0.0,0.82
2008-02-16,11.0,31.547,12.47,0.26,0.0,1.9
2008-02-17,0.0,31.738,12.0,0.36,0.0,2.24
2008-02-18,1.167,31.968,11.48,0.3,0.01,0.68
2008-02-19,14.083,31.999,10.96,0.4,0.28,1.43
2008-02-20,14.417,32.061,10.55,0.47,0.17,3.09
2008-02-21,8.167,32.41,10.41,0.48,0.15,3.8
2008-02-22,9.167,32.202,10.5,0.51,0.1,5.38
2008-02-23,0.833,32.696,10.64,0.59,0.0,6.01
2008-02-24,9.167,32.144,10.78,0.77,0.0,6.33
2008-02-25,0.5,32.407,10.96,0.59,0.51,6.6
2008-02-26,6.0,32.465,11.23,0.64,0.82,5.14
2008-02-27,5.917,32.47,11.3,0.67,0.21,6.16
2008-02-28,5.25,32.517,11.45,0.68,0.0,8.05
2008-02-29,8.0,32.389,11.49,0.7,0.39,6.34
2008-03-01,7.333,32.263,11.45,0.78,0.08,7.22
2008-03-02,0.0,32.475,11.27,0.89,0.01,6.03
2008-03-03,0.75,32.585,11.43,1.72,0.0,9.77
2008-03-04,9.167,32.519,11.37,1.36,0.39,6.52
2008-03-05,11.0,32.433,10.92,0.65,2.54,-3.16
2008-03-06,11.5,32.433,10.46,0.52,1.06,-6.8
2008-03-07,16.833,32.425,10.48,1.17,1.05,-1.53
2008-03-08,13.75,32.349,10.97,1.28,0.02,2.76
2008-03-09,0.0,32.473,11.19,0.94,0.0,2.99
2008-03-10,1.083,32.525,11.99,0.76,3.67,0.56
2008-03-11,12.5,32.173,11.91,0.81,0.41,0.24
2008-03-12,7.917,32.348,13.01,1.17,2.45,6.2
2008-03-13,17.083,31.779,13.42,1.2,0.01,6.59
2008-03-14,7.75,32.085,13.75,1.6,0.03,8.6
2008-03-15,14.667,31.709,13.99,1.92,0.0,10.37
2008-03-16,0.0,31.986,13.96,1.45,0.0,7.35
2008-03-17,0.833,32.237,13.42,1.24,0.0,4.75
2008-03-18,10.667,32.486,13.5,1.14,0.96,5.38
2008-03-19,19.0,32.314,15.41,1.14,4.32,4.61
2008-03-20,27.5,31.709,15.61,0.98,2.8,1.07
2008-03-21,0.667,32.017,14.82,1.28,0.01,0.67
2008-03-22,8.667,32.582,14.57,1.38,1.04,3.35
2008-03-23,16.0,32.496,13.9,1.21,0.23,0.39
2008-03-24,17.083,32.405,13.31,0.97,2.84,-3.81
2008-03-25,26.583,31.424,13.84,1.29,3.36,1.61
2008-03-26,0.0,31.612,14.61,1.31,0.07,2.92
2008-03-27,0.667,31.823,14.72,1.26,1.67,1.46
2008-03-28,7.333,31.986,14.85,1.01,5.01,0.05
2008-03-29,0.0,32.232,17.1,1.9,0.11,7.0
2008-03-30,0.583,32.436,18.69,1.99,0.0,7.04
2008-03-31,8.833,32.462,23.71,1.49,11.19,3.7
2008-04-01,28.833,32.433,24.07,1.36,1.77,1.88
2008-04-02,27.333,32.42,23.69,2.25,0.05,7.33
2008-04-03,31.417,32.277,23.55,2.34,0.0,7.93
2008-04-04,35.667,32.282,23.53,2.49,0.0,8.32
2008-04-05,31.833,32.336,23.47,2.35,0.0,6.77
2008-04-06,29.25,32.274,23.32,2.67,0.0,5.5
2008-04-07,21.333,31.945,23.56,1.56,0.0,3.84
2008-04-08,25.333,32.405,23.97,1.7,8.74,6.28
2008-04-09,29.167,32.402,25.03,1.95,3.24,8.67
2008-04-10,30.167,32.05,28.47,2.0,12.58,9.83
2008-04-11,22.833,31.96,32.8,1.9,26.24,8.39
2008-04-12,42.917,31.908,34.67,1.3,2.48,1.89
2008-04-13,42.25,31.939,36.83,1.88,1.89,2.95
2008-04-14,44.333,31.687,38.49,1.95,4.31,3.17
2008-04-15,37.583,32.009,39.51,1.73,0.18,1.69
2008-04-16,43.167,31.862,40.23,2.89,0.01,5.36
2008-04-17,35.0,32.399,41.21,2.43,2.71,7.33
2008-04-18,45.75,32.022,43.87,1.42,8.25,2.61
2008-04-19,43.333,31.891,45.48,1.36,18.52,1.61
2008-04-20,45.667,31.182,50.33,1.95,7.07,4.45
2008-04-21,33.333,32.296,52.7,0.88,22.98,0.87
2008-04-22,56.5,31.217,53.51,1.98,1.25,4.15
2008-04-23,30.667,32.093,54.31,2.46,0.05,5.87
2008-04-24,48.333,31.448,55.05,2.89,2.17,8.41
2008-04-25,41.0,31.532,55.64,3.49,0.01,9.62
2008-04-26,41.333,31.509,56.32,3.92,0.08,12.4
2008-04-27,44.75,31.255,57.11,4.27,0.76,13.35
2008-04-28,41.583,31.314,57.72,3.17,0.12,11.73
2008-04-29,38.083,31.919,57.91,2.07,0.18,6.57
2008-04-30,49.417,31.409,57.68,2.86,0.26,7.25
2008-05-01,43.167,31.401,57.09,2.69,0.02,5.98
2008-05-02,44.083,31.384,56.22,3.02,0.01,7.77
2008-05-03,35.667,32.041,55.18,3.96,0.0,11.38
2008-05-04,53.0,31.168,54.19,4.08,0.0,13.85
2008-05-05,43.0,31.145,54.25,4.46,5.56,14.91
2008-05-06,52.75,30.302,53.78,2.5,0.43,10.04
2008-05-07,38.667,30.635,53.01,3.44,1.17,11.43
2008-05-08,35.167,31.27,52.16,3.05,1.44,10.82
2008-05-09,37.75,31.766,52.17,2.77,3.88,8.77
2008-05-10,45.417,31.659,53.38,1.54,17.86,5.35
2008-05-11,40.583,31.924,53.8,1.56,4.4,5.36
2008-05-12,56.167,30.851,53.9,2.51,0.56,7.53
2008-05-13,36.833,31.447,54.27,2.47,4.81,7.95
2008-05-14,45.083,31.245,55.91,3.54,1.57,9.92
2008-05-15,36.0,31.792,59.38,1.89,14.22,6.97
2008-05-16,47.0,31.579,60.59,2.73,1.47,8.59
2008-05-17,47.167,31.414,61.97,2.23,5.77,7.63
2008-05-18,49.333,31.449,62.85,2.25,8.91,7.55
2008-05-19,52.083,31.224,63.62,2.66,8.42,7.56
2008-05-20,41.5,31.273,64.15,2.35,0.86,7.48
2008-05-21,37.583,31.715,64.03,3.08,0.06,8.77
2008-05-22,53.167,30.739,64.0,4.18,0.23,11.31
2008-05-23,33.917,31.483,63.82,2.58,4.76,9.04
2008-05-24,45.5,31.546,64.63,2.57,13.4,9.27
2008-05-25,60.25,30.812,67.59,2.62,19.7,8.89
2008-05-26,43.917,32.249,67.6,1.33,25.28,6.24
2008-05-27,89.75,31.416,100.52,2.51,6.45,8.11
2008-05-28,237.75,33.193,101.2,1.64,8.71,5.45
2008-05-29,200.417,33.193,96.79,2.55,4.88,7.05
2008-05-30,181.917,33.193,92.31,3.84,0.52,10.07
2008-05-31,167.417,33.193,88.83,3.68,0.42,11.11
2008-06-01,137.917,33.193,88.73,2.37,3.68,8.89
2008-06-02,125.833,33.193,90.76,2.76,5.59,9.1
2008-06-03,124.167,33.193,92.25,2.93,8.23,8.69
2008-06-04,127.083,33.193,88.01,2.82,2.86,8.92
2008-06-05,138.0,33.117,84.42,3.39,0.34,10.31
2008-06-06,127.083,32.251,81.78,2.99,3.81,9.87
2008-06-07,125.75,31.965,77.46,2.94,0.27,8.36
2008-06-08,101.917,31.944,73.31,3.17,0.28,7.71
2008-06-09,108.833,31.72,71.56,3.67,0.03,9.3
2008-06-10,76.417,31.808,72.25,3.16,6.46,10.98
2008-06-11,100.917,32.426,70.98,2.58,3.46,9.69
2008-06-12,80.833,32.08,71.15,2.93,6.29,10.66
2008-06-13,113.0,32.968,68.88,3.91,0.08,11.34
2008-06-14,120.667,32.486,68.52,3.63,0.84,10.42
2008-06-15,85.417,31.337,68.31,3.88,0.03,10.91
2008-06-16,97.0,31.234,68.52,3.18,0.22,10.69
2008-06-17,56.75,31.339,68.54,2.9,3.44,10.74
2008-06-18,94.167,31.265,67.83,2.58,2.51,9.7
2008-06-19,56.25,31.401,67.54,5.12,0.07,13.93
2008-06-20,99.583,31.664,67.54,5.39,0.0,16.74
2008-06-21,62.583,31.633,65.67,5.32,0.0,17.87
2008-06-22,70.5,30.455,55.04,5.56,0.0,18.36
2008-06-23,86.0,31.401,45.95,5.46,0.0,18.16
2008-06-24,73.417,31.325,43.34,5.23,0.0,19.18
2008-06-25,56.667,31.35,40.99,4.09,0.04,17.71
2008-06-26,62.333,30.75,43.52,4.53,0.0,17.21
2008-06-27,46.5,31.332,65.69,5.52,20.07,17.93
2008-06-28,76.333,32.129,65.26,4.02,0.05,15.5
2008-06-29,97.083,31.591,58.9,5.54,0.0,18.08
2008-06-30,44.25,32.198,60.04,5.31,1.84,19.06
2008-07-01,58.083,31.632,61.57,4.26,4.5,17.04
2008-07-02,57.5,31.135,54.88,5.25,0.59,17.78
2008-07-03,42.5,32.129,46.37,4.18,2.96,16.79
2008-07-04,57.5,31.599,43.99,3.14,0.71,12.25
2008-07-05,41.083,32.386,41.36,5.47,0.0,16.62
2008-07-06,43.833,32.797,39.99,4.9,1.49,18.37
2008-07-07,62.5,31.615,38.52,3.65,0.48,15.6
2008-07-08,46.75,31.797,36.5,3.42,0.0,12.43
2008-07-09,54.5,31.312,34.37,4.02,0.0,14.2
2008-07-10,47.917,31.322,32.35,5.03,0.0,17.51
2008-07-11,36.5,32.045,30.66,5.07,0.0,18.48
2008-07-12,40.167,31.963,41.61,4.82,6.39,17.62
2008-07-13,21.167,32.609,54.65,2.37,13.83,11.08
2008-07-14,34.417,32.39,43.89,2.74,0.67,9.78
2008-07-15,38.75,31.555,40.02,4.94,0.0,12.71
2008-07-16,35.917,31.503,37.54,4.94,0.0,15.85
2008-07-17,35.167,31.887,35.6,4.12,0.23,16.7
2008-07-18,37.083,32.045,33.53,2.8,0.03,13.97
2008-07-19,37.5,31.887,31.49,4.68,0.0,16.59
2008-07-20,31.583,31.738,30.75,5.6,2.49,19.42
2008-07-21,27.25,31.97,30.22,4.57,0.42,19.08
2008-07-22,30.0,32.019,28.63,3.07,0.03,13.57
2008-07-23,29.75,31.937,26.89,5.12,0.0,16.19
2008-07-24,27.083,31.965,25.42,5.6,0.02,18.88
2008-07-25,27.833,31.97,24.12,4.65,0.02,19.64
2008-07-26,25.5,32.04,23.25,4.18,0.95,18.11
2008-07-27,20.75,32.124,22.03,3.73,0.0,16.86
2008-07-28,28.917,31.47,20.78,4.63,0.0,18.34
2008-07-29,27.417,31.55,19.84,4.58,0.21,18.62
2008-07-30,20.667,32.436,18.66,3.73,0.0,18.03
2008-07-31,17.917,32.462,17.51,4.8,0.0,19.14
2008-08-01,28.5,32.373,16.55,5.53,0.0,20.07
2008-08-02,32.833,31.663,15.85,4.06,0.39,17.83
2008-08-03,18.833,31.097,14.99,5.28,0.03,19.02
2008-08-04,6.583,31.427,14.15,5.51,0.01,20.55
2008-08-05,13.083,32.001,13.43,4.75,0.04,21.58
2008-08-06,14.417,32.389,12.75,5.16,0.29,21.04
2008-08-07,19.0,32.255,12.81,5.55,1.39,20.27
2008-08-08,18.833,32.358,12.59,3.64,0.02,18.17
2008-08-09,16.417,32.24,11.86,4.19,0.0,15.34
2008-08-10,10.083,32.532,11.16,4.26,0.0,17.33
2008-08-11,11.917,32.572,10.66,4.81,0.0,19.02
2008-08-12,20.917,32.366,10.48,3.36,0.05,18.04
2008-08-13,8.75,32.321,10.45,3.35,0.14,17.05
2008-08-14,6.083,32.473,10.53,3.1,0.09,14.65
2008-08-15,7.083,32.515,10.89,2.01,3.72,10.36
2008-08-16,7.833,32.024,10.84,3.36,0.03,11.28
2008-08-17,5.917,32.025,10.47,2.66,0.15,11.9
2008-08-18,5.25,32.334,10.38,3.43,0.0,14.4
2008-08-19,7.833,32.287,10.38,4.27,0.03,17.78
2008-08-20,6.0,32.407,10.37,3.14,0.02,16.91
2008-08-21,6.167,32.465,10.33,2.92,0.01,14.86
2008-08-22,7.917,32.47,10.34,4.01,0.74,17.48
2008-08-23,7.0,32.522,10.32,2.85,0.14,15.02
2008-08-24,7.083,32.468,10.27,2.91,0.0,14.24
2008-08-25,8.667,32.48,10.25,4.05,0.0,16.41
2008-08-26,15.833,32.308,10.27,3.49,0.0,16.41
2008-08-27,14.583,32.316,12.55,3.03,0.85,16.86
2008-08-28,21.167,32.397,15.0,3.04,6.76,16.8
2008-08-29,22.583,32.287,11.42,3.41,0.02,16.92
2008-08-30,16.667,31.751,10.46,3.82,0.0,18.07
2008-08-31,2.417,32.126,11.08,3.61,0.0,18.28
2008-09-01,8.167,32.222,12.61,2.55,6.71,15.27
2008-09-02,21.5,32.632,11.64,2.68,0.01,15.07
2008-09-03,26.5,32.431,10.92,2.75,0.19,15.61
2008-09-04,21.583,32.714,10.72,2.61,0.07,16.11
2008-09-05,28.0,32.308,10.66,2.55,0.0,15.68
2008-09-06,25.75,32.012,11.14,2.49,1.28,15.03
2008-09-07,1.833,32.53,13.67,1.27,5.98,8.84
2008-09-08,12.0,32.556,13.24,2.29,0.02,11.08
2008-09-09,24.417,32.498,12.51,3.08,0.0,15.8
2008-09-10,39.667,32.16,12.35,2.2,1.15,16.82
2008-09-11,35.833,31.908,18.64,2.55,0.06,18.41
2008-09-12,33.417,31.981,52.47,2.13,21.22,14.84
2008-09-13,25.25,32.168,35.22,1.48,1.38,8.01
2008-09-14,6.0,32.355,29.13,1.69,1.05,8.61
2008-09-15,7.75,32.514,26.74,2.01,0.01,8.67
2008-09-16,26.583,32.392,24.92,2.5,0.0,11.7
2008-09-17,22.583,32.591,23.44,2.65,0.0,12.07
2008-09-18,28.083,32.295,22.45,1.96,0.0,13.56
2008-09-19,19.417,32.809,24.27,1.67,5.78,13.42
2008-09-20,33.75,32.394,23.75,1.86,0.32,12.52
2008-09-21,18.833,32.001,22.38,2.15,0.02,13.89
2008-09-22,7.417,32.394,21.19,1.81,0.0,13.85
2008-09-23,22.75,32.318,21.64,1.47,2.29,12.54
2008-09-24,20.0,32.441,23.26,0.95,2.98,7.93
2008-09-25,20.417,32.496,22.24,1.11,2.39,7.4
2008-09-26,24.083,32.186,20.92,1.24,0.0,8.21
2008-09-27,14.417,32.548,20.04,1.3,1.05,8.94
2008-09-28,18.667,32.438,19.17,1.71,0.02,8.12
2008-09-29,16.083,32.454,18.11,1.65,0.0,8.9
2008-09-30,27.583,31.988,17.11,1.82,0.0,9.93
2008-10-01,22.5,31.916,16.18,1.41,0.0,9.49
2008-10-02,16.917,32.087,15.29,1.33,0.0,10.21
2008-10-03,16.083,32.402,14.51,1.24,0.07,8.61
2008-10-04,16.75,32.402,13.76,1.02,0.02,4.83
2008-10-05,13.833,32.41,12.98,1.12,0.0,5.68
2008-10-06,12.333,32.486,12.24,1.57,0.0,8.96
2008-10-07,15.667,32.376,11.6,1.87,0.0,11.25
2008-10-08,11.75,32.441,11.27,1.15,0.59,11.04
2008-10-09,9.5,32.519,11.39,0.84,0.87,7.13
2008-10-10,14.667,32.444,10.87,1.04,0.0,9.98
2008-10-11,11.25,32.548,10.46,1.16,0.0,11.71
2008-10-12,13.833,32.433,10.51,0.92,0.02,12.24
2008-10-13,11.583,32.444,11.42,0.91,3.21,11.53
2008-10-14,6.833,32.554,11.28,0.92,0.15,12.53
2008-10-15,5.25,32.488,11.72,0.87,1.6,12.87
2008-10-16,8.25,32.399,11.37,1.08,0.0,12.82
2008-10-17,11.0,32.366,11.12,0.8,0.65,11.78
2008-10-18,10.583,32.324,11.89,0.77,0.09,12.04
2008-10-19,6.333,32.491,13.32,0.59,6.31,8.66
2008-10-20,9.833,32.43,12.86,0.62,0.04,9.97
2008-10-21,8.0,32.402,12.12,0.63,0.0,11.56
2008-10-22,8.0,32.405,12.44,0.66,2.22,11.29
2008-10-23,7.917,32.446,12.88,0.58,2.06,3.97
2008-10-24,7.583,32.556,13.09,0.53,0.04,5.85
2008-10-25,13.25,32.199,12.76,0.72,0.01,9.19
2008-10-26,5.0,32.379,12.1,0.75,0.0,9.77
2008-10-27,5.25,32.468,11.48,0.8,0.0,9.53
2008-10-28,8.0,32.514,15.16,0.5,5.3,9.56
2008-10-29,8.25,32.706,20.15,0.17,16.52,0.48
2008-10-30,10.75,32.593,19.21,0.39,0.72,-2.62
2008-10-31,7.75,32.648,22.32,0.24,5.21,0.13
2008-11-01,6.0,32.904,52.96,0.3,22.55,3.31
2008-11-02,19.333,32.439,65.98,0.38,22.44,4.11
2008-11-03,43.917,31.478,66.32,0.36,24.31,1.65
2008-11-04,32.75,31.617,65.83,0.13,0.19,0.76
2008-11-05,40.25,32.193,65.53,0.25,0.01,3.71
2008-11-06,32.167,32.014,64.09,0.18,4.18,4.02
2008-11-07,35.167,32.515,61.27,0.19,1.23,2.87
2008-11-08,47.083,31.994,57.88,0.18,0.0,2.56
2008-11-09,36.917,31.617,54.89,0.2,0.01,3.73
2008-11-10,35.167,31.604,46.14,0.26,0.01,5.16
2008-11-11,27.167,32.373,42.68,0.28,0.0,5.88
2008-11-12,39.583,32.058,43.05,0.23,4.42,4.93
2008-11-13,35.083,32.053,42.45,0.31,3.11,1.73
2008-11-14,35.917,31.975,40.13,0.41,0.33,1.21
2008-11-15,34.583,31.684,38.25,0.69,0.01,3.51
2008-11-16,28.917,30.994,36.71,0.51,0.0,4.93
2008-11-17,17.25,31.248,36.13,0.56,0.0,8.47
2008-11-18,20.583,32.214,35.4,0.58,0.0,5.51
2008-11-19,27.417,32.548,33.9,0.22,2.26,2.53
2008-11-20,32.083,32.423,32.57,0.34,0.24,2.83
2008-11-21,32.75,32.303,31.3,0.28,0.03,4.62
2008-11-22,28.667,32.245,30.91,0.55,0.22,8.26
2008-11-23,14.5,32.279,30.11,0.51,0.32,5.5
2008-11-24,20.917,32.557,28.98,0.29,2.84,1.83
2008-11-25,29.75,31.524,27.76,0.14,1.37,-1.61
2008-11-26,15.833,31.81,26.21,0.31,0.08,-3.64
2008-11-27,15.0,32.136,24.8,0.36,0.0,-3.43
2008-11-28,25.5,31.988,23.48,0.28,0.0,-2.07
2008-11-29,21.083,32.201,22.42,0.22,0.02,-1.32
2008-11-30,33.0,31.753,21.29,0.11,4.53,-3.23
2008-12-01,,32.178,20.09,0.1,2.0,-2.5
2008-12-02,33.667,32.431,19.0,0.04,0.61,-2.86
2008-12-03,41.333,32.035,18.03,0.15,0.17,-3.39
2008-12-04,44.5,31.794,17.08,0.09,0.04,-3.01
2008-12-05,39.25,31.96,16.43,0.09,0.41,-0.93
2008-12-06,42.833,31.831,16.27,0.15,0.33,1.02
2008-12-07,51.333,31.022,16.09,0.14,0.03,1.8
2008-12-08,43.333,30.872,16.15,0.16,0.03,2.98
2008-12-09,36.083,31.417,16.42,0.2,1.82,3.0
2008-12-10,37.333,31.849,16.29,0.21,0.81,0.38
2008-12-11,40.917,31.906,15.41,0.35,0.06,-4.69
2008-12-12,40.083,31.607,14.6,0.32,0.0,-1.93
2008-12-13,40.5,31.686,14.22,0.22,0.0,0.29
2008-12-14,33.333,31.048,14.14,0.11,4.25,-1.71
2008-12-15,16.25,31.509,13.26,0.24,2.77,-4.29
2008-12-16,30.5,31.9,13.28,0.22,0.77,-1.8
2008-12-17,36.0,31.504,14.9,0.23,2.19,2.63
2008-12-18,34.917,31.266,14.73,0.33,0.19,1.25
2008-12-19,23.333,32.004,14.67,0.35,0.32,3.07
2008-12-20,26.083,31.417,14.66,0.22,0.05,2.93
2008-12-21,15.75,31.524,15.2,0.42,0.0,5.97
2008-12-22,13.167,31.787,16.05,0.64,0.03,7.56
2008-12-23,15.0,31.895,16.28,0.61,0.02,6.56
2008-12-24,,32.139,16.42,0.61,0.04,6.08
2008-12-25,14.0,31.996,15.92,0.48,0.0,4.45
2008-12-26,14.333,31.965,15.39,0.52,0.01,2.36
2008-12-27,17.5,31.635,15.08,0.15,2.07,-3.34
2008-12-28,11.833,31.766,14.59,0.11,0.8,-0.61
2008-12-29,11.0,31.906,14.18,0.08,0.55,-0.59
2008-12-30,21.0,31.301,14.24,0.16,4.55,-1.61
2008-12-31,10.167,31.831,14.26,0.14,0.7,2.22
2009-01-01,13.0,31.983,14.26,0.12,0.01,2.64
2009-01-02,22.583,31.207,14.29,0.16,0.31,3.42
2009-01-03,7.667,31.689,13.88,0.15,0.43,0.57
2009-01-04,15.333,31.684,13.15,0.16,0.01,-0.41
2009-01-05,18.083,31.35,12.47,0.28,0.01,-0.25
2009-01-06,8.5,31.704,11.87,0.34,0.0,-1.4
2009-01-07,13.833,31.566,11.26,0.21,0.8,-5.6
2009-01-08,13.25,31.566,10.72,0.19,0.3,-6.01
2009-01-09,25.5,31.309,10.61,0.02,0.33,-4.33
2009-01-10,10.25,31.895,11.11,0.16,1.81,-2.6
2009-01-11,24.417,31.769,10.98,0.09,1.81,-1.75
2009-01-12,27.25,31.358,10.87,0.17,0.02,-0.61
2009-01-13,8.25,31.825,10.8,0.32,0.01,-0.74
2009-01-14,11.583,31.968,10.73,0.37,0.5,-0.44
2009-01-15,17.417,31.703,10.68,0.28,0.05,-0.43
2009-01-16,11.083,32.224,10.64,0.4,0.0,1.39
2009-01-17,11.25,32.352,10.61,0.26,0.03,0.54
2009-01-18,3.5,32.467,10.58,0.26,0.0,1.49
2009-01-19,9.25,32.139,10.67,0.36,0.41,3.24
2009-01-20,11.917,32.019,12.17,0.15,8.32,0.75
2009-01-21,11.25,32.259,12.08,0.12,0.25,-3.18
2009-01-22,13.833,32.076,11.44,0.2,0.03,-2.06
2009-01-23,12.917,32.248,11.85,0.13,9.69,-0.29
2009-01-24,21.417,31.97,15.71,0.17,5.8,3.26
2009-01-25,4.417,32.376,16.66,0.24,2.11,-1.88
2009-01-26,10.333,32.373,15.73,0.14,1.73,-0.85
2009-01-27,25.25,31.722,15.07,0.14,3.16,-0.97
2009-01-28,26.917,31.761,14.86,0.24,0.88,-0.34
2009-01-29,16.25,31.558,15.13,0.29,0.23,3.27
2009-01-30,28.917,31.504,15.32,0.29,0.0,4.09
2009-01-31,17.333,31.54,15.3,0.33,0.0,3.67
2009-02-01,21.417,31.602,15.44,0.29,0.38,1.89
2009-02-02,25.833,31.435,16.33,0.3,6.4,0.02
2009-02-03,25.083,32.366,16.1,0.3,2.7,0.42
2009-02-04,36.583,31.973,15.56,0.31,0.13,0.1
2009-02-05,32.333,32.027,15.7,0.2,2.66,1.23
2009-02-06,36.0,31.671,15.72,0.3,2.23,-0.83
2009-02-07,35.25,31.493,15.12,0.21,2.13,-1.9
2009-02-08,27.083,31.44,14.27,0.29,0.43,-3.99
2009-02-09,28.167,31.828,13.9,0.45,0.27,0.19
2009-02-10,29.583,32.311,14.58,0.3,0.08,4.17
2009-02-11,25.75,31.628,14.63,0.39,1.69,0.6
2009-02-12,33.417,31.35,14.16,0.36,10.83,-3.19
2009-02-13,28.333,31.612,14.27,0.46,2.35,0.27
2009-02-14,40.5,30.585,14.55,0.43,0.0,2.08
2009-02-15,13.0,31.97,15.31,0.4,0.0,0.92
2009-02-16,13.75,32.035,14.98,0.29,0.0,-0.88
2009-02-17,22.583,32.09,14.62,0.35,0.0,0.35
2009-02-18,28.583,31.751,14.92,0.5,0.0,3.44
2009-02-19,23.083,31.836,15.54,0.51,0.0,3.36
2009-02-20,15.0,32.387,15.63,0.55,0.0,1.85
2009-02-21,34.667,31.563,15.39,0.48,0.0,1.94
2009-02-22,9.167,31.89,15.26,0.54,0.0,3.03
2009-02-23,11.333,31.769,15.96,0.6,0.02,5.28
2009-02-24,14.583,32.03,16.73,0.67,0.0,5.33
2009-02-25,10.75,32.392,17.25,0.6,0.0,3.68
2009-02-26,20.083,32.2,17.28,0.71,0.0,2.97
2009-02-27,30.75,31.398,17.92,0.99,0.0,5.55
2009-02-28,16.833,32.001,19.3,1.24,0.0,7.96
2009-03-01,15.833,32.379,21.0,0.77,4.14,4.69
2009-03-02,24.5,32.111,21.32,0.63,1.7,1.77
2009-03-03,19.583,31.962,21.63,0.67,1.94,2.47
2009-03-04,24.917,31.661,21.49,0.62,0.25,0.72
2009-03-05,14.833,32.319,20.79,0.51,4.75,-3.11
2009-03-06,34.417,31.463,19.51,0.66,2.06,-2.33
2009-03-07,29.083,32.004,18.76,1.16,0.38,-1.28
2009-03-08,37.583,31.471,20.44,1.42,0.4,5.78
2009-03-09,0.0,32.155,22.21,1.45,0.07,7.94
2009-03-10,,32.201,22.26,1.11,0.0,4.17
2009-03-11,30.667,32.386,22.44,1.44,0.0,7.23
2009-03-12,38.0,32.201,22.82,1.18,0.0,6.94
2009-03-13,38.0,32.037,23.76,1.7,0.0,8.53
2009-03-14,36.083,31.836,25.49,2.01,0.0,10.72
2009-03-15,15.25,32.124,26.64,1.83,0.0,9.48
2009-03-16,19.083,32.131,27.1,1.65,0.0,8.53
2009-03-17,31.167,31.89,27.25,1.81,0.0,6.65
2009-03-18,33.333,31.743,27.25,1.81,0.0,6.86
2009-03-19,37.25,31.663,27.46,2.05,0.0,8.35
2009-03-20,39.083,31.463,27.88,2.12,0.0,8.71
2009-03-21,30.25,32.006,27.57,2.1,0.0,5.91
2009-03-22,43.5,31.432,26.62,1.58,0.0,4.49
2009-03-23,37.333,31.414,25.61,1.81,0.0,4.7
2009-03-24,30.75,32.149,25.18,2.39,0.0,7.61
2009-03-25,38.917,32.108,24.03,1.7,0.02,2.89
2009-03-26,38.083,31.939,23.29,2.24,0.0,5.7
2009-03-27,39.583,31.643,23.3,2.5,0.0,8.17
2009-03-28,45.583,31.437,24.72,2.29,0.01,8.99
2009-03-29,40.333,30.742,27.47,1.04,11.49,2.97
2009-03-30,32.667,30.905,26.4,1.29,0.64,1.05
2009-03-31,29.917,31.779,25.77,1.51,0.17,3.13
2009-04-01,40.5,31.73,25.5,1.18,2.25,3.37
2009-04-02,45.167,31.207,25.05,1.38,0.1,4.58
2009-04-03,36.0,31.365,25.05,1.13,2.96,2.78
2009-04-04,36.0,31.545,24.36,1.48,0.03,4.19
2009-04-05,35.167,31.35,24.26,1.82,0.03,6.58
2009-04-06,26.25,31.388,24.38,1.99,0.07,7.32
2009-04-07,29.5,31.527,46.77,2.34,5.42,8.92
2009-04-08,36.333,31.748,51.19,0.34,26.9,1.77
2009-04-09,47.5,31.076,42.51,1.58,0.25,3.43
2009-04-10,8.583,31.142,41.47,2.5,0.01,7.17
2009-04-11,4.833,31.314,44.07,1.3,7.61,3.13
2009-04-12,18.083,31.906,43.48,1.4,5.36,2.59
2009-04-13,61.167,31.319,41.18,1.4,0.23,2.59
2009-04-14,42.083,31.973,40.3,2.07,0.0,6.59
2009-04-15,52.25,31.45,45.83,2.5,0.85,7.7
2009-04-16,35.167,32.137,48.2,1.48,12.93,2.52
2009-04-17,56.417,31.048,45.87,1.66,2.69,2.03
2009-04-18,30.5,32.036,44.22,1.66,1.66,2.28
2009-04-19,56.5,30.78,43.12,2.12,2.2,3.99
2009-04-20,39.417,31.02,41.83,2.16,0.94,4.88
2009-04-21,33.083,31.867,42.23,2.02,7.76,5.41
2009-04-22,35.0,32.459,42.72,2.44,2.79,6.48
2009-04-23,45.583,32.061,42.7,2.67,0.0,7.01
2009-04-24,40.75,32.1,44.69,3.9,0.0,11.87
2009-04-25,38.167,32.224,45.89,3.7,0.0,11.22
2009-04-26,41.917,32.282,60.77,2.34,7.43,7.94
2009-04-27,62.083,31.656,65.66,0.59,16.65,1.31
2009-04-28,51.417,31.633,64.02,2.42,0.12,5.61
2009-04-29,44.75,31.368,56.44,2.6,0.05,4.6
2009-04-30,41.917,31.255,51.2,2.58,0.24,6.5
2009-05-01,40.75,31.281,51.68,2.51,4.64,7.66
2009-05-02,38.167,31.566,50.02,2.4,0.64,7.08
2009-05-03,39.833,31.615,48.7,3.39,0.01,8.78
2009-05-04,38.167,31.841,47.72,3.63,0.03,9.73
2009-05-05,39.833,31.857,46.32,2.79,0.05,9.51
2009-05-06,38.5,32.035,45.88,3.61,0.0,11.11
2009-05-07,45.25,32.039,48.25,4.59,0.0,14.03
2009-05-08,57.833,31.15,59.45,4.09,7.29,14.08
2009-05-09,45.667,31.311,59.76,3.19,0.05,12.68
2009-05-10,52.333,30.933,58.98,3.2,4.68,12.12
2009-05-11,45.833,31.074,58.93,2.89,5.86,11.39
2009-05-12,54.167,30.842,58.82,3.18,0.9,12.87
2009-05-13,46.333,31.642,58.97,4.0,2.17,13.88
2009-05-14,60.5,31.158,60.35,2.02,8.51,9.54
2009-05-15,55.0,31.105,61.77,1.93,9.7,7.29
2009-05-16,53.667,31.254,62.23,3.1,0.38,7.29
2009-05-17,41.333,32.517,62.3,4.39,0.0,12.0
2009-05-18,66.0,31.73,62.21,3.54,3.03,11.86
2009-05-19,55.167,31.849,61.97,3.54,0.02,11.46
2009-05-20,57.667,31.525,61.45,4.33,0.0,14.09
2009-05-21,66.25,30.967,60.76,4.65,0.22,16.36
2009-05-22,85.917,33.19,59.93,4.07,0.0,17.04
2009-05-23,151.75,33.148,58.94,3.95,0.0,18.12
2009-05-24,161.0,33.018,57.8,3.04,0.91,15.25
2009-05-25,169.5,33.18,55.72,3.53,0.34,15.37
2009-05-26,140.083,32.988,46.4,3.41,0.04,13.34
2009-05-27,118.667,32.454,43.09,3.24,0.11,10.11
2009-05-28,110.333,31.96,40.68,4.2,0.0,12.24
2009-05-29,64.167,31.625,38.43,4.69,0.0,13.9
2009-05-30,116.917,32.22,38.54,5.22,0.0,16.01
2009-05-31,74.417,31.33,46.74,4.62,5.86,14.42
2009-06-01,99.0,32.181,39.71,3.79,1.35,12.22
2009-06-02,80.667,32.377,36.76,4.26,0.07,13.19
2009-06-03,118.333,31.097,34.43,4.42,0.0,13.57
2009-06-04,88.917,31.375,32.58,5.12,0.0,15.89
2009-06-05,85.333,31.329,33.17,4.06,1.81,15.82
2009-06-06,59.417,31.101,38.97,2.69,10.59,10.82
2009-06-07,93.583,30.757,38.16,3.22,1.66,8.35
2009-06-08,56.667,30.739,36.12,3.32,0.01,10.88
2009-06-09,62.833,31.475,35.02,2.67,1.76,8.79
2009-06-10,50.333,31.478,33.09,3.56,0.0,10.56
2009-06-11,52.083,30.998,31.17,4.71,0.0,15.06
2009-06-12,33.333,32.173,29.39,4.35,0.01,16.06
2009-06-13,58.75,31.717,27.71,5.5,0.0,18.46
2009-06-14,55.25,31.714,26.33,5.82,0.07,21.01
2009-06-15,49.667,31.594,25.09,4.29,0.14,19.64
2009-06-16,75.583,30.668,24.22,4.06,0.23,17.67
2009-06-17,39.75,31.561,25.06,3.26,3.62,16.1
2009-06-18,58.0,30.874,23.82,5.18,0.0,18.98
2009-06-19,45.167,31.148,22.63,5.54,0.01,19.84
2009-06-20,29.0,31.955,21.85,3.8,0.54,17.15
2009-06-21,71.25,31.478,20.64,3.44,0.01,12.91
2009-06-22,51.417,31.224,19.38,4.52,0.0,12.52
2009-06-23,44.083,31.281,18.28,5.21,0.0,13.89
2009-06-24,34.917,31.885,17.25,5.14,0.0,14.29
2009-06-25,45.167,31.64,21.28,5.46,6.84,16.27
2009-06-26,46.25,31.158,25.18,3.56,5.56,13.91
2009-06-27,38.917,31.381,24.68,3.88,1.91,13.63
2009-06-28,47.833,30.757,23.36,4.5,0.14,15.5
2009-06-29,34.667,31.059,22.19,5.32,0.01,18.33
2009-06-30,31.5,31.599,23.09,4.91,1.39,18.34
2009-07-01,36.25,31.708,25.46,4.46,5.24,17.82
2009-07-02,28.417,32.207,26.18,4.86,3.73,18.76
2009-07-03,31.833,31.471,24.87,4.75,0.06,19.06
2009-07-04,19.083,31.769,23.94,4.85,1.37,18.82
2009-07-05,19.5,31.312,29.66,4.44,2.7,18.02
2009-07-06,14.0,31.27,34.43,3.66,1.75,16.28
2009-07-07,13.917,31.507,48.82,3.26,19.57,14.08
2009-07-08,13.75,32.253,38.97,2.67,0.1,13.09
2009-07-09,24.083,32.261,35.32,3.66,0.03,13.11
2009-07-10,46.25,31.378,32.98,3.28,0.23,13.94
2009-07-11,36.917,31.112,30.94,4.66,0.06,15.03
2009-07-12,25.75,31.908,29.08,5.11,0.0,17.41
2009-07-13,32.917,32.001,27.38,5.5,0.0,19.45
2009-07-14,21.5,32.371,25.91,5.5,0.01,19.99
2009-07-15,26.583,32.022,24.74,4.39,0.62,18.79
2009-07-16,21.5,31.994,23.45,4.68,0.06,18.42
2009-07-17,16.167,32.287,22.26,5.45,0.03,19.47
2009-07-18,17.5,32.055,21.08,3.29,0.16,12.6
2009-07-19,12.667,31.983,19.94,4.8,0.02,13.61
2009-07-20,20.0,31.504,18.83,4.9,0.0,16.37
2009-07-21,19.5,31.581,17.87,5.22,0.06,18.22
2009-07-22,13.917,32.142,18.47,5.78,3.14,19.82
2009-07-23,13.333,32.358,17.95,4.5,0.02,22.84
2009-07-24,16.833,32.224,16.89,4.74,0.01,17.94
2009-07-25,15.0,32.313,15.93,4.87,0.0,16.84
2009-07-26,14.167,32.053,15.01,4.92,0.0,17.28
2009-07-27,6.833,32.269,14.2,5.85,0.0,20.43
2009-07-28,26.0,31.54,13.45,4.31,0.0,18.81
2009-07-29,15.0,31.999,12.63,4.77,0.0,18.86
2009-07-30,15.333,32.371,11.91,5.51,0.0,20.08
2009-07-31,19.333,32.376,11.28,4.53,0.0,18.17
2009-08-01,23.833,32.399,10.72,5.16,0.0,19.12
2009-08-02,32.25,32.048,13.62,4.31,6.19,17.2
2009-08-03,24.167,32.256,14.75,3.31,0.12,14.91
2009-08-04,26.0,32.014,13.83,2.78,0.09,15.01
2009-08-05,25.417,31.864,12.89,5.02,0.0,19.72
2009-08-06,18.833,31.826,12.18,5.37,0.16,21.37
2009-08-07,17.417,32.321,13.62,4.69,3.2,20.0
2009-08-08,21.917,32.072,23.21,3.7,6.41,17.1
2009-08-09,19.417,31.594,52.25,3.13,26.06,15.7
2009-08-10,3.583,32.29,50.01,2.98,3.95,14.26
2009-08-11,21.083,32.441,39.64,3.88,0.03,15.78
2009-08-12,22.25,32.496,35.8,4.5,0.0,18.18
2009-08-13,24.5,32.165,33.39,4.08,0.14,18.15
2009-08-14,19.083,32.324,32.35,4.66,2.91,18.86
2009-08-15,19.917,32.434,32.08,4.36,1.15,19.19
2009-08-16,18.75,31.722,35.38,4.54,8.06,18.62
2009-08-17,15.667,31.458,34.31,4.8,1.86,19.72
2009-08-18,12.167,31.656,35.3,4.49,0.09,20.39
2009-08-19,13.917,31.656,36.92,4.23,3.48,20.95
2009-08-20,12.333,31.713,32.78,4.92,0.01,20.05
2009-08-21,5.5,32.355,30.7,4.56,0.0,19.91
2009-08-22,11.583,32.524,29.01,3.82,0.0,19.08
2009-08-23,18.333,32.467,27.95,4.25,0.87,19.04
2009-08-24,22.333,32.139,26.58,4.41,0.02,20.23
2009-08-25,25.917,32.027,25.98,3.01,1.19,18.94
2009-08-26,24.917,32.371,26.43,2.3,2.75,14.49
2009-08-27,24.083,32.381,25.19,3.51,0.18,17.33
2009-08-28,25.0,32.501,24.58,3.76,0.02,18.54
2009-08-29,25.75,32.509,26.57,3.02,4.95,18.13
2009-08-30,34.083,31.939,24.51,2.89,0.02,15.98
2009-08-31,35.083,31.63,22.87,3.89,0.0,16.58
2009-09-01,35.583,31.327,26.85,3.68,0.03,18.69
2009-09-02,30.167,31.143,51.17,2.56,14.5,17.19
2009-09-03,20.75,31.648,36.46,2.24,0.03,16.03
2009-09-04,18.25,32.25,30.97,2.59,0.02,16.18
2009-09-05,20.5,32.321,28.43,2.38,0.03,13.86
2009-09-06,15.917,32.405,26.48,2.85,0.0,14.26
2009-09-07,25.5,31.751,24.86,3.57,0.0,15.88
2009-09-08,19.667,31.776,23.42,3.26,0.0,16.35
2009-09-09,15.75,31.802,22.1,3.29,0.0,16.06
2009-09-10,13.333,32.42,20.84,2.81,0.0,15.48
2009-09-11,17.417,32.598,20.73,3.26,0.01,15.92
2009-09-12,21.667,32.331,22.04,2.93,5.99,14.99
2009-09-13,17.167,32.255,24.85,2.34,4.87,13.91
2009-09-14,9.333,32.311,28.36,2.05,6.6,12.52
2009-09-15,23.333,31.695,26.96,1.88,3.06,11.22
2009-09-16,16.75,32.108,26.24,1.3,2.29,6.36
2009-09-17,24.083,32.007,25.34,1.81,0.56,8.84
2009-09-18,15.0,32.428,33.41,1.68,12.45,10.41
2009-09-19,26.583,31.952,36.51,1.21,6.59,6.42
2009-09-20,31.917,31.158,34.56,1.56,0.29,9.26
2009-09-21,19.667,31.489,33.01,1.45,0.75,9.97
2009-09-22,16.75,31.978,32.84,1.76,2.35,11.68
2009-09-23,24.5,31.479,32.15,1.65,0.12,12.92
2009-09-24,18.333,31.906,30.45,1.79,0.17,13.41
2009-09-25,12.25,31.926,28.78,2.38,0.04,14.06
2009-09-26,26.167,31.826,27.32,2.05,0.0,13.75
2009-09-27,27.667,31.648,27.7,1.66,2.13,13.0
2009-09-28,23.833,31.566,30.02,1.49,4.92,11.87
2009-09-29,22.75,31.517,28.71,1.4,0.12,11.8
2009-09-30,30.25,30.693,27.12,1.85,0.04,13.53
2009-10-01,21.0,31.005,26.33,1.34,0.33,12.14
2009-10-02,11.0,31.999,26.28,1.33,3.15,12.14
2009-10-03,22.583,32.366,24.87,1.35,0.01,11.33
2009-10-04,29.083,32.298,23.46,1.72,0.0,11.62
2009-10-05,28.75,32.206,22.14,1.82,0.01,14.04
2009-10-06,15.917,32.441,20.96,1.99,0.0,16.64
2009-10-07,26.0,32.183,20.24,1.6,0.09,16.91
2009-10-08,26.083,32.139,49.45,1.23,17.96,14.12
2009-10-09,26.417,31.664,40.57,1.18,0.81,12.42
2009-10-10,19.583,31.771,33.3,1.09,0.14,12.29
2009-10-11,15.083,32.009,30.48,0.99,0.16,10.77
2009-10-12,16.167,31.8,28.51,1.25,0.01,13.34
2009-10-13,17.917,31.746,26.79,0.96,0.05,10.82
2009-10-14,17.0,32.399,25.24,1.33,0.0,11.85
2009-10-15,17.75,32.374,23.84,0.98,0.0,9.6
2009-10-16,26.083,32.386,22.5,0.88,0.0,5.71
2009-10-17,27.5,32.167,21.23,1.08,0.0,8.19
2009-10-18,31.75,31.721,20.08,0.94,0.0,6.67
2009-10-19,18.917,32.415,19.0,0.91,0.0,5.34
2009-10-20,28.833,32.224,20.89,0.57,0.0,6.32
2009-10-21,26.5,32.303,59.27,0.64,34.63,6.77
2009-10-22,21.083,31.921,65.53,0.56,9.05,5.01
2009-10-23,22.083,32.139,64.31,0.7,10.53,4.77
2009-10-24,24.167,32.303,61.47,0.65,0.45,10.15
2009-10-25,36.5,31.908,54.95,0.61,0.24,13.39
2009-10-26,29.417,31.939,47.94,0.68,0.26,10.77
2009-10-27,11.417,31.646,45.71,0.56,0.04,11.74
2009-10-28,5.0,31.532,43.68,0.92,0.0,12.77
2009-10-29,5.333,31.509,41.6,0.68,0.0,12.44
2009-10-30,8.833,31.237,39.52,0.7,0.01,13.26
2009-10-31,6.417,31.073,37.45,0.62,0.0,13.07
2009-11-01,0.417,31.445,35.46,0.55,0.01,12.02
2009-11-02,5.25,31.481,36.74,0.33,6.05,10.71
2009-11-03,7.667,31.26,36.82,0.33,0.29,4.91
2009-11-04,3.667,31.34,35.08,0.4,0.16,8.42
2009-11-05,0.0,31.633,33.91,0.47,1.17,3.78
2009-11-06,0.25,32.063,32.38,0.22,1.18,1.52
2009-11-07,3.0,32.126,31.11,0.3,1.16,3.79
2009-11-08,3.25,32.16,30.43,0.22,2.77,1.37
2009-11-09,5.583,31.913,29.67,0.14,11.95,-1.7
2009-11-10,0.917,32.05,29.01,0.32,3.32,-0.02
2009-11-11,0.5,32.331,29.28,0.35,6.02,2.46
2009-11-12,5.833,32.566,31.07,0.29,2.85,5.09
2009-11-13,4.417,32.29,31.51,0.27,0.02,6.44
2009-11-14,8.583,32.09,31.87,0.37,0.0,7.3
2009-11-15,3.667,32.119,32.33,0.41,0.0,7.39
2009-11-16,0.417,32.428,32.82,0.42,0.13,8.55
2009-11-17,4.667,32.402,33.64,0.59,0.0,10.06
2009-11-18,0.917,32.696,34.34,0.51,0.0,10.27
2009-11-19,0.75,32.095,34.01,0.38,0.0,10.39
2009-11-20,8.417,31.8,33.09,0.38,0.0,9.11
2009-11-21,2.083,31.671,31.86,0.53,0.0,9.55
2009-11-22,2.75,31.506,30.78,0.4,0.61,8.43
2009-11-23,0.0,31.573,29.45,0.18,0.02,5.16
2009-11-24,0.0,31.696,27.9,0.37,0.01,5.68
2009-11-25,0.0,31.815,26.53,0.64,0.0,7.66
2009-11-26,0.0,31.877,25.25,0.57,0.01,5.68
2009-11-27,0.417,31.885,24.45,0.28,1.24,5.14
2009-11-28,4.583,31.38,23.45,0.13,0.09,2.27
2009-11-29,0.417,31.784,22.91,0.37,0.01,2.27
2009-11-30,4.833,32.142,23.03,0.19,7.69,-0.39
2009-12-01,3.417,31.727,21.74,0.12,2.89,-2.13
2009-12-02,8.583,32.206,20.86,0.19,0.9,-1.07
2009-12-03,16.5,32.428,21.54,0.17,2.62,3.36
2009-12-04,32.833,31.978,22.03,0.2,0.58,3.47
2009-12-05,29.833,31.486,22.47,0.2,2.43,2.88
2009-12-06,17.917,31.968,22.01,0.25,0.15,5.34
2009-12-07,27.667,31.661,21.38,0.24,0.03,4.82
2009-12-08,23.917,31.735,20.71,0.13,0.03,4.14
2009-12-09,23.25,31.926,19.99,0.22,0.0,4.72
2009-12-10,25.75,31.857,19.65,0.38,0.01,6.2
2009-12-11,23.75,31.978,19.19,0.47,0.02,6.23
2009-12-12,31.0,31.468,18.62,0.55,0.0,6.71
2009-12-13,20.667,31.748,17.72,0.36,0.02,0.86
2009-12-14,26.75,31.5,16.74,0.25,0.0,-2.39
2009-12-15,14.583,32.454,15.83,0.38,0.01,-1.74
2009-12-16,31.583,32.001,14.99,0.21,0.0,-4.0
2009-12-17,27.5,32.03,14.19,0.15,0.05,-3.98
2009-12-18,32.333,31.743,13.42,0.16,0.02,-4.02
2009-12-19,24.417,32.012,12.68,0.18,0.0,-5.52
2009-12-20,18.417,31.818,11.99,0.29,0.0,-7.55
2009-12-21,22.417,31.596,11.36,0.35,0.01,-4.02
2009-12-22,16.417,31.994,15.04,0.26,7.56,-1.53
2009-12-23,21.833,32.279,24.15,0.18,11.4,0.73
2009-12-24,30.667,31.978,48.49,0.19,16.64,0.84
2009-12-25,27.333,32.131,64.75,0.13,30.15,2.31
2009-12-26,32.583,32.222,57.03,0.1,0.66,0.92
2009-12-27,49.917,31.926,50.92,0.14,3.37,-0.89
2009-12-28,48.25,31.535,47.49,0.31,1.0,1.58
2009-12-29,40.417,31.903,47.27,0.28,2.5,3.31
2009-12-30,45.083,31.908,49.89,0.21,6.61,6.33
2009-12-31,46.167,31.937,48.47,0.11,5.58,4.27
2010-01-01,49.0,31.515,47.86,0.04,5.05,0.26
2010-01-02,57.833,30.396,45.29,0.13,0.5,-1.86
2010-01-03,35.0,31.363,42.98,0.13,0.72,-0.06
2010-01-04,46.167,31.199,40.91,0.14,0.26,0.63
2010-01-05,48.083,31.196,40.06,0.12,2.93,1.32
2010-01-06,47.833,30.615,38.31,0.22,1.45,-0.67
2010-01-07,35.167,31.379,36.2,0.19,0.29,-3.83
2010-01-08,37.583,32.066,34.19,0.2,1.61,-5.12
2010-01-09,43.917,32.152,32.29,0.26,0.32,-7.3
2010-01-10,43.583,32.1,30.55,0.22,0.18,-7.27
2010-01-11,48.75,31.584,28.9,0.25,0.26,-5.01
2010-01-12,35.75,32.149,27.61,0.19,0.34,-4.04
2010-01-13,44.5,32.08,26.99,0.16,2.34,-1.24
2010-01-14,49.417,31.643,31.01,0.09,6.82,0.36
2010-01-15,43.167,31.833,30.46,0.21,7.63,0.1
2010-01-16,44.833,31.748,28.71,0.3,0.23,1.98
2010-01-17,43.333,31.722,28.88,0.3,0.76,4.08
2010-01-18,45.917,31.507,28.47,0.24,0.01,3.02
2010-01-19,35.25,32.204,27.47,0.13,0.0,2.33
2010-01-20,48.0,31.756,26.46,0.27,0.37,1.89
2010-01-21,37.167,31.859,25.44,0.22,0.16,1.77
2010-01-22,40.0,32.014,24.49,0.23,0.04,2.25
2010-01-23,49.75,31.584,24.22,0.38,0.0,4.54
2010-01-24,36.75,32.155,23.33,0.23,0.0,1.93
2010-01-25,45.333,32.157,22.32,0.18,0.02,0.49
2010-01-26,48.833,31.854,21.27,0.35,0.72,-1.63
2010-01-27,46.5,31.684,20.27,0.25,0.27,-2.22
2010-01-28,41.583,31.97,19.24,0.34,0.02,-1.59
2010-01-29,47.667,31.696,18.41,0.4,0.03,1.77
2010-01-30,44.083,31.81,17.68,0.24,0.3,0.61
2010-01-31,44.917,31.818,16.81,0.16,0.19,-2.26
2010-02-01,44.083,31.913,15.91,0.18,0.02,-4.64
2010-02-02,44.417,32.027,15.07,0.26,0.0,-3.06
2010-02-03,37.75,32.027,14.32,0.31,0.04,-0.73
2010-02-04,34.75,32.043,14.64,0.54,0.01,4.22
2010-02-05,32.0,32.178,16.28,0.54,4.96,3.09
2010-02-06,31.417,31.792,16.05,0.16,0.2,0.61
2010-02-07,24.75,31.934,15.29,0.39,0.44,1.56
2010-02-08,20.25,31.95,14.82,0.38,0.18,2.36
2010-02-09,2.833,32.152,14.37,0.43,1.39,-0.05
2010-02-10,23.833,32.504,13.8,0.46,0.31,-2.97
2010-02-11,33.0,32.593,13.16,0.36,0.33,-5.06
2010-02-12,33.833,32.567,12.48,0.35,0.0,-10.44
2010-02-13,41.833,31.926,11.86,0.35,0.01,-5.41
2010-02-14,27.833,31.511,11.28,0.24,0.08,-5.31
2010-02-15,16.5,31.64,10.95,0.27,0.07,-4.96
2010-02-16,32.917,31.795,11.21,0.37,0.34,-2.54
2010-02-17,31.083,31.625,14.31,0.48,9.01,0.88
2010-02-18,20.5,31.661,14.56,0.46,2.14,0.52
2010-02-19,15.5,32.053,13.99,0.39,0.61,2.48
2010-02-20,20.083,32.019,13.32,0.5,0.14,-2.09
2010-02-21,10.167,32.3,12.67,0.39,0.06,-1.66
2010-02-22,13.167,32.504,12.36,0.55,0.58,-1.9
2010-02-23,25.083,31.875,13.68,0.57,4.18,1.17
2010-02-24,14.417,31.604,14.42,0.51,1.89,2.56
2010-02-25,8.917,32.05,14.92,0.62,1.52,2.21
2010-02-26,19.75,31.906,15.39,0.61,1.43,2.04
2010-02-27,27.667,31.214,15.91,0.86,0.26,2.16
2010-02-28,24.0,30.747,20.5,0.76,6.93,3.97
2010-03-01,23.333,30.561,21.38,0.73,0.0,2.34
2010-03-02,15.667,30.67,20.53,0.68,0.04,1.69
2010-03-03,12.25,30.72,22.65,0.79,5.71,3.48
2010-03-04,15.917,31.571,22.94,0.59,4.68,0.35
2010-03-05,26.083,31.664,22.38,0.72,0.4,1.58
2010-03-06,27.75,31.681,21.29,0.73,0.03,-0.85
2010-03-07,34.917,31.007,20.52,0.95,0.0,0.24
2010-03-08,22.917,31.687,19.57,0.67,2.2,-2.93
2010-03-09,22.917,31.976,19.26,0.35,2.39,-7.58
2010-03-10,33.75,31.353,19.1,0.72,4.16,-6.9
2010-03-11,40.75,30.813,17.84,0.85,0.15,-6.16
2010-03-12,26.5,31.673,16.93,0.83,0.28,-3.91
2010-03-13,21.083,31.61,16.32,0.82,0.01,-2.54
2010-03-14,22.583,32.447,16.23,1.04,0.0,0.29
2010-03-15,29.583,32.168,16.69,1.3,0.0,2.37
2010-03-16,35.0,31.312,17.05,1.23,0.08,1.8
2010-03-17,23.75,31.278,17.73,1.82,0.12,5.07
2010-03-18,21.75,31.529,18.88,1.79,0.0,5.73
2010-03-19,30.833,31.47,20.16,1.37,0.0,6.66
2010-03-20,38.833,31.196,22.11,1.46,0.03,8.57
2010-03-21,26.917,31.882,25.96,1.51,0.26,8.83
2010-03-22,36.833,31.666,31.36,1.27,5.37,7.55
2010-03-23,35.583,31.784,32.95,1.17,2.13,5.74
2010-03-24,42.75,31.836,32.35,1.92,0.01,7.6
2010-03-25,51.0,31.748,34.57,1.31,4.39,5.74
2010-03-26,50.333,31.455,36.78,1.05,5.97,3.3
2010-03-27,44.167,31.898,36.07,1.46,0.89,2.88
2010-03-28,56.167,31.153,34.8,1.83,0.02,4.77
2010-03-29,46.0,31.148,34.41,1.72,0.02,6.78
2010-03-30,37.083,32.256,34.93,1.72,2.5,5.74
2010-03-31,58.333,31.414,34.14,1.42,0.28,2.43
2010-04-01,40.917,32.134,32.91,1.42,1.63,1.96
2010-04-02,51.25,31.89,31.49,1.43,0.11,1.91
2010-04-03,54.167,31.355,30.1,1.75,0.01,3.34
2010-04-04,54.917,30.796,29.07,1.41,1.85,2.44
2010-04-05,43.0,31.181,27.99,1.43,0.29,1.46
2010-04-06,43.833,31.696,27.78,2.67,0.0,7.44
2010-04-07,52.917,31.462,29.09,2.23,0.0,8.21
2010-04-08,51.833,31.383,29.92,1.09,4.83,2.29
2010-04-09,50.083,31.437,28.59,1.78,0.16,2.74
2010-04-10,50.417,31.453,28.39,2.43,0.01,7.03
2010-04-11,44.583,31.929,28.78,2.89,0.0,8.23
2010-04-12,50.667,31.908,36.18,2.97,4.17,8.13
2010-04-13,47.417,32.233,35.82,0.67,6.8,0.29
2010-04-14,50.583,31.471,33.16,1.6,0.7,2.15
2010-04-15,36.083,32.152,31.48,1.36,0.42,2.22
2010-04-16,48.0,32.123,30.65,1.18,1.54,2.42
2010-04-17,47.583,31.849,30.18,2.22,0.25,4.93
2010-04-18,43.583,32.248,29.58,2.3,0.0,5.69
2010-04-19,48.75,31.983,30.04,2.16,0.1,6.77
2010-04-20,35.25,32.519,33.69,2.15,7.36,6.85
2010-04-21,38.417,32.389,34.49,2.92,0.15,9.53
2010-04-22,42.25,31.966,35.21,2.81,0.0,10.57
2010-04-23,35.167,32.624,36.61,2.15,2.27,8.85
2010-04-24,47.583,32.303,37.02,1.94,1.44,7.9
2010-04-25,42.75,32.268,37.66,2.86,0.72,10.19
2010-04-26,40.583,32.485,40.09,3.02,1.78,11.81
2010-04-27,47.167,31.983,41.62,2.98,2.74,12.15
2010-04-28,47.917,31.558,40.89,3.42,0.0,11.58
2010-04-29,37.25,32.139,40.56,3.75,0.0,12.67
2010-04-30,50.083,31.695,40.51,3.25,0.49,13.47
2010-05-01,41.083,32.067,43.66,2.76,3.6,11.25
2010-05-02,52.25,31.478,46.99,2.1,6.09,8.0
2010-05-03,43.333,31.633,47.27,2.06,5.04,6.0
2010-05-04,36.833,32.386,45.62,1.05,3.78,1.09
2010-05-05,46.5,32.155,43.01,1.49,0.71,0.16
2010-05-06,50.583,31.587,41.07,2.1,0.59,2.91
2010-05-07,36.333,32.498,39.15,2.11,0.06,3.73
2010-05-08,50.75,32.186,38.67,2.39,2.37,5.36
2010-05-09,48.0,32.211,47.7,2.31,2.32,6.44
2010-05-10,48.583,32.131,54.98,1.93,16.57,6.28
2010-05-11,53.75,31.612,52.5,2.74,5.43,7.09
2010-05-12,40.667,32.152,52.06,2.81,2.58,6.89
2010-05-13,47.917,32.149,53.06,1.9,5.67,5.01
2010-05-14,46.917,32.124,53.68,1.64,9.93,1.98
2010-05-15,45.917,32.152,51.34,1.88,0.93,2.22
2010-05-16,45.083,32.152,48.7,2.65,0.33,3.55
2010-05-17,45.917,32.152,46.96,3.08,0.05,5.07
2010-05-18,45.083,32.152,46.7,3.62,0.01,8.1
2010-05-19,45.833,32.152,46.52,4.19,0.07,10.62
2010-05-20,44.167,32.155,44.73,3.52,0.01,8.77
2010-05-21,45.833,32.191,43.56,4.54,0.0,11.74
2010-05-22,44.5,32.225,42.78,4.5,0.0,12.98
2010-05-23,48.583,31.697,43.78,3.98,1.45,12.61
2010-05-24,34.917,32.085,42.89,3.79,2.1,11.72
2010-05-25,54.833,31.386,41.11,4.75,0.0,13.09
2010-05-26,42.833,31.774,39.49,4.5,0.0,13.51
2010-05-27,50.917,31.44,38.13,3.85,0.01,12.61
2010-05-28,39.667,32.124,41.83,3.31,5.08,11.82
2010-05-29,47.583,32.123,43.83,2.32,6.33,8.12
2010-05-30,53.333,31.82,41.58,3.64,0.02,13.12
2010-05-31,46.833,31.88,39.7,3.74,0.22,15.39
2010-06-01,54.0,31.408,37.94,3.47,0.12,13.38
2010-06-02,34.833,32.629,36.2,4.4,0.02,15.29
2010-06-03,64.75,31.335,34.39,3.47,0.12,12.54
2010-06-04,50.583,31.56,32.58,5.2,0.03,14.63
2010-06-05,46.75,31.888,31.0,5.16,0.0,16.7
2010-06-06,54.833,32.062,37.67,5.07,5.32,16.83
2010-06-07,52.5,32.095,42.07,2.93,8.04,12.41
2010-06-08,47.917,32.144,37.54,4.08,0.02,14.79
2010-06-09,58.167,32.014,54.13,3.72,9.73,14.29
2010-06-10,61.25,31.553,125.57,2.16,48.26,9.54
2010-06-11,86.917,31.894,103.23,2.96,5.25,10.21
2010-06-12,212.417,33.153,91.7,2.35,9.81,8.83
2010-06-13,148.5,32.984,82.85,3.49,0.21,11.31
2010-06-14,126.667,32.137,120.17,3.57,2.24,11.99
2010-06-15,189.667,32.669,106.99,2.71,22.45,7.73
2010-06-16,194.083,32.856,94.48,3.09,2.41,8.5
2010-06-17,158.25,32.926,88.17,3.17,2.18,8.71
2010-06-18,116.583,32.09,83.46,3.43,0.42,10.96
2010-06-19,112.083,32.046,80.11,3.08,1.61,9.94
2010-06-20,112.333,31.568,76.83,3.1,2.82,8.68
2010-06-21,103.0,31.664,72.98,3.14,0.85,6.27
2010-06-22,81.417,32.09,69.73,4.88,0.03,11.04
2010-06-23,84.583,32.111,67.65,4.91,1.59,13.29
2010-06-24,68.25,32.347,67.55,5.09,0.4,14.61
2010-06-25,61.75,32.36,67.55,5.01,0.13,16.02
2010-06-26,78.833,31.607,67.55,5.36,1.12,17.17
2010-06-27,57.083,32.09,67.59,5.01,6.9,16.7
2010-06-28,80.167,32.085,69.57,4.07,6.29,15.51
2010-06-29,81.417,32.001,69.05,4.26,5.65,15.6
2010-06-30,74.417,31.756,68.7,4.34,4.66,16.5
2010-07-01,68.667,32.126,68.29,4.94,1.46,17.42
2010-07-02,74.167,31.568,67.66,5.53,0.0,18.83
2010-07-03,55.5,32.243,67.58,4.99,0.6,18.35
2010-07-04,70.417,31.576,68.81,4.15,11.84,16.44
2010-07-05,55.333,32.006,69.09,4.13,6.76,16.81
2010-07-06,78.917,31.42,68.47,5.11,0.0,17.88
2010-07-07,55.25,31.202,67.58,4.9,0.01,19.12
2010-07-08,46.25,31.35,67.55,5.83,0.0,20.98
2010-07-09,38.583,32.074,66.69,5.92,0.03,22.85
2010-07-10,46.167,32.168,56.47,4.24,0.05,19.72
2010-07-11,57.583,31.371,46.03,4.69,0.27,20.06
2010-07-12,42.0,32.001,42.82,4.9,0.7,20.32
2010-07-13,42.75,32.373,40.65,3.83,0.03,17.8
2010-07-14,50.75,32.05,38.37,4.46,0.0,19.64
2010-07-15,48.167,31.962,36.31,4.35,0.0,19.24
2010-07-16,50.667,31.877,34.28,4.13,0.0,17.69
2010-07-17,56.333,31.322,32.65,4.92,0.28,19.74
2010-07-18,39.583,31.981,30.89,3.77,0.0,16.94
2010-07-19,55.25,31.214,29.31,5.1,0.0,19.37
2010-07-20,37.333,32.085,28.93,4.7,1.29,19.82
2010-07-21,51.417,31.699,28.42,3.91,1.66,18.65
2010-07-22,43.833,31.818,32.44,3.4,2.7,17.44
2010-07-23,31.75,31.586,62.76,2.53,24.43,14.5
2010-07-24,40.083,31.844,62.33,3.33,0.57,13.16
2010-07-25,41.333,31.887,54.81,4.03,0.0,14.46
2010-07-26,45.417,31.983,44.86,3.86,0.01,14.76
2010-07-27,49.25,31.135,39.67,4.19,0.0,15.12
2010-07-28,39.833,30.89,37.21,4.72,0.01,17.44
2010-07-29,28.083,31.573,35.41,5.07,0.38,19.46
2010-07-30,38.917,31.417,33.69,3.57,0.27,16.11
2010-07-31,27.75,32.188,31.76,4.32,0.0,16.75
2010-08-01,36.5,32.201,32.31,4.81,0.0,18.56
2010-08-02,41.333,31.74,35.45,3.56,3.35,18.66
2010-08-03,34.667,31.991,33.04,2.59,5.44,14.54
2010-08-04,42.0,31.937,30.8,3.12,0.02,13.93
2010-08-05,42.667,31.906,28.97,4.05,0.03,15.92
2010-08-06,48.083,31.382,27.34,3.38,0.03,13.38
2010-08-07,29.167,32.71,25.7,4.25,0.0,15.46
2010-08-08,52.75,31.867,24.31,4.97,0.0,19.21
2010-08-09,49.417,31.15,23.04,3.91,0.0,19.8
2010-08-10,43.083,31.321,21.72,3.49,0.0,18.47
2010-08-11,43.25,31.055,20.51,4.16,0.0,18.76
2010-08-12,34.75,31.288,24.65,3.84,0.0,18.43
2010-08-13,32.667,31.999,28.23,2.8,8.48,13.65
2010-08-14,40.667,31.978,24.21,2.89,0.24,13.1
2010-08-15,47.333,31.445,23.06,2.35,1.36,10.6
2010-08-16,39.5,31.558,21.7,2.6,0.0,10.81
2010-08-17,34.75,32.173,20.32,3.35,0.0,13.4
2010-08-18,43.417,32.019,20.52,3.82,0.0,16.8
2010-08-19,47.25,31.617,22.46,3.18,4.08,17.1
2010-08-20,39.75,31.828,21.87,2.63,2.28,15.43
2010-08-21,46.917,31.365,20.63,3.91,0.02,18.21
2010-08-22,34.917,31.604,19.36,4.48,0.0,20.84
2010-08-23,35.333,31.986,18.29,4.14,0.0,20.88
2010-08-24,49.0,31.222,17.35,3.73,0.02,19.72
2010-08-25,38.75,31.448,16.34,2.93,0.0,17.67
2010-08-26,45.333,30.594,15.32,4.34,0.0,20.53
2010-08-27,27.167,31.468,14.5,4.44,0.0,22.41
2010-08-28,31.167,32.044,13.75,3.58,0.0,18.54
2010-08-29,53.583,31.248,13.05,3.3,0.0,15.68
2010-08-30,38.417,31.762,12.37,2.96,0.0,15.09
2010-08-31,42.833,30.91,11.65,2.83,0.0,12.41
2010-09-01,41.417,31.168,11.17,3.53,0.0,14.26
2010-09-02,46.25,31.211,32.03,3.02,10.18,16.46
2010-09-03,48.417,31.112,28.17,1.95,6.02,13.5
2010-09-04,43.667,31.458,22.79,2.83,0.05,16.17
2010-09-05,59.333,30.338,20.47,2.79,0.0,16.39
2010-09-06,29.167,30.742,19.08,3.62,0.0,18.4
2010-09-07,20.667,31.535,19.76,2.63,3.19,17.09
2010-09-08,29.0,31.854,20.67,2.12,1.96,12.48
2010-09-09,38.917,31.366,20.02,2.2,0.58,11.05
2010-09-10,27.583,31.898,19.21,1.97,0.24,10.99
2010-09-11,33.5,31.875,18.12,2.72,0.0,14.26
2010-09-12,28.167,32.191,19.28,2.71,0.0,15.6
2010-09-13,29.083,31.591,20.64,2.57,2.61,15.13
2010-09-14,19.5,31.512,17.87,2.5,0.0,14.35
2010-09-15,24.25,30.935,16.61,2.83,0.0,16.2
2010-09-16,15.75,30.813,15.71,2.33,0.0,16.77
2010-09-17,13.0,31.028,22.05,1.63,0.86,13.35
2010-09-18,11.917,31.286,57.81,1.38,24.68,11.95
2010-09-19,0.417,31.983,41.62,1.16,0.9,9.79
2010-09-20,5.917,32.152,31.91,1.84,0.07,12.44
2010-09-21,15.75,31.771,30.13,1.93,2.7,13.81
2010-09-22,13.417,31.393,29.65,1.4,2.4,10.9
2010-09-23,18.583,31.911,28.15,2.1,0.01,13.5
2010-09-24,24.75,32.043,27.48,1.5,1.53,12.28
2010-09-25,23.167,32.479,27.3,1.29,0.91,9.61
2010-09-26,35.833,31.54,26.05,1.21,0.68,6.87
2010-09-27,33.25,30.953,24.67,1.43,0.02,6.8
2010-09-28,24.667,31.038,23.41,1.42,0.01,7.42
2010-09-29,21.917,31.293,22.27,1.39,0.0,8.55
2010-09-30,32.0,30.651,21.19,1.9,0.0,11.36
2010-10-01,29.833,30.179,20.06,1.32,0.0,11.59
2010-10-02,7.0,31.394,18.95,1.3,0.0,11.69
2010-10-03,17.5,30.913,17.97,1.34,0.0,13.02
2010-10-04,11.0,31.233,24.22,1.25,10.59,12.0
2010-10-05,0.0,31.679,25.69,1.0,1.06,8.05
2010-10-06,0.0,31.965,23.68,1.34,0.0,10.91
2010-10-07,0.083,32.321,22.23,1.47,0.0,12.85
2010-10-08,1.667,32.423,20.98,1.49,0.0,14.06
2010-10-09,8.25,31.991,22.28,1.17,0.0,13.52
2010-10-10,1.417,32.285,144.72,1.05,39.42,11.75
2010-10-11,15.583,32.314,73.15,0.72,10.82,7.69
2010-10-12,0.0,31.694,67.61,0.8,1.33,8.04
2010-10-13,0.417,31.805,67.6,0.96,0.76,10.32
2010-10-14,5.083,32.09,67.36,0.82,0.73,8.65
2010-10-15,6.083,32.087,57.42,0.8,0.01,7.94
2010-10-16,6.417,32.066,52.68,0.69,0.01,7.22
2010-10-17,0.0,32.157,49.62,0.63,0.03,6.1
2010-10-18,0.167,32.23,46.8,0.64,0.04,3.24
2010-10-19,1.917,32.415,44.22,0.74,0.09,4.23
2010-10-20,1.25,32.559,41.73,0.8,0.0,8.13
2010-10-21,3.917,32.559,34.44,0.58,0.0,6.75
2010-10-22,3.667,32.523,31.55,0.43,0.0,6.41
2010-10-23,10.583,32.113,29.82,0.6,0.0,8.7
2010-10-24,6.0,31.988,28.25,0.44,0.0,8.14
2010-10-25,5.5,31.594,27.61,0.45,1.55,4.62
2010-10-26,0.083,31.952,26.5,0.48,1.78,-0.45
2010-10-27,0.917,32.186,26.04,0.82,0.42,5.95
2010-10-28,0.25,32.569,25.46,0.67,0.01,10.26
2010-10-29,2.75,32.643,24.3,0.55,0.0,10.0
2010-10-30,0.0,32.167,24.69,0.46,3.97,8.34
2010-10-31,0.0,31.98,27.74,0.35,1.69,4.87
2010-11-01,0.0,31.917,30.64,0.38,10.14,3.01
2010-11-02,0.083,33.089,32.1,0.37,7.95,5.63
2010-11-03,0.917,32.981,31.8,0.45,0.23,6.69
2010-11-04,0.417,32.751,32.02,0.42,0.37,9.66
2010-11-05,4.583,32.691,32.2,0.39,0.01,10.92
2010-11-06,0.0,31.808,31.58,0.29,0.0,9.19
2010-11-07,0.0,32.832,30.37,0.23,0.02,8.52
2010-11-08,0.083,33.065,28.85,0.38,0.13,2.12
2010-11-09,0.917,33.065,27.62,0.2,1.08,-0.64
2010-11-10,1.333,32.994,26.79,0.12,1.29,1.48
2010-11-11,15.0,32.211,25.7,0.16,1.34,0.46
2010-11-12,3.917,32.186,25.14,0.28,0.33,4.91
2010-11-13,3.25,32.173,24.94,0.25,0.15,8.42
2010-11-14,5.75,31.725,24.0,0.36,0.02,8.81
2010-11-15,2.75,31.833,24.09,0.31,2.43,7.8
2010-11-16,0.0,32.119,24.48,0.26,5.5,1.35
2010-11-17,1.083,32.368,23.76,0.25,1.69,0.7
2010-11-18,12.167,31.669,22.88,0.17,0.63,0.89
2010-11-19,2.75,31.831,21.89,0.14,0.07,1.1
2010-11-20,0.083,32.076,21.6,0.16,0.06,0.5
2010-11-21,0.917,32.303,21.19,0.25,5.4,-1.09
2010-11-22,0.0,32.616,20.24,0.09,2.25,-0.07
2010-11-23,1.417,32.812,19.32,0.13,0.4,0.27
2010-11-24,15.583,31.805,18.46,0.18,0.16,-0.23
2010-11-25,0.0,32.116,17.56,0.16,0.11,-1.49
2010-11-26,0.0,32.384,16.68,0.13,0.66,-1.73
2010-11-27,0.917,32.17,15.79,0.13,0.31,-4.29
2010-11-28,11.25,31.955,14.94,0.18,0.0,-3.09
2010-11-29,12.833,31.189,14.14,0.14,0.06,-3.81
2010-11-30,0.0,31.498,13.72,0.2,0.63,-3.61
2010-12-01,0.0,31.828,13.69,0.1,4.34,-1.8
2010-12-02,0.0,32.037,12.94,0.04,0.96,-3.44
2010-12-03,0.417,32.17,12.19,0.04,0.24,-5.51
2010-12-04,5.083,32.355,11.5,0.11,0.18,-5.64
2010-12-05,5.5,32.209,10.93,0.22,0.12,-2.16
2010-12-06,0.917,32.47,11.97,0.29,3.23,0.77
2010-12-07,11.0,32.183,15.84,0.31,2.56,5.34
2010-12-08,10.5,32.183,21.76,0.14,6.6,5.65
2010-12-09,5.083,32.183,25.15,0.09,1.02,5.76
2010-12-10,5.5,32.111,24.35,0.2,0.3,4.5
2010-12-11,0.0,31.343,23.26,0.29,0.0,4.23
2010-12-12,0.583,31.604,22.6,0.54,0.01,6.35
2010-12-13,6.417,31.404,22.43,0.58,0.01,6.66
2010-12-14,0.0,31.712,21.47,0.28,0.0,2.63
2010-12-15,2.833,31.86,20.31,0.2,0.01,-2.24
2010-12-16,32.25,30.445,19.19,0.36,0.05,-5.69
2010-12-17,13.417,31.319,18.16,0.25,0.0,-4.38
2010-12-18,18.0,31.727,17.17,0.08,0.02,-4.09
2010-12-19,18.917,32.149,16.21,0.12,0.02,-3.88
2010-12-20,29.167,31.725,15.33,0.32,0.02,0.86
2010-12-21,29.583,31.173,16.05,0.23,0.01,0.39
2010-12-22,14.25,31.671,20.18,0.27,10.6,1.17
2010-12-23,17.167,32.191,26.3,0.15,13.29,2.69
2010-12-24,20.0,32.314,25.94,0.15,1.59,0.42
2010-12-25,30.917,32.661,24.29,0.12,0.0,-4.25
2010-12-26,29.833,32.037,22.82,0.36,0.0,-4.87
2010-12-27,28.333,31.818,21.53,0.49,0.0,-0.58
2010-12-28,33.0,31.906,20.49,0.55,0.13,2.32
2010-12-29,44.083,31.865,20.08,0.5,0.13,5.14
2010-12-30,45.25,31.13,19.75,0.37,0.0,4.77
2010-12-31,47.5,31.453,18.94,0.21,0.0,2.35
2011-01-01,42.0,31.576,17.96,0.07,0.0,1.98
2011-01-02,41.25,31.448,17.07,0.07,0.0,1.67
2011-01-03,34.333,32.17,16.22,0.15,0.0,0.97
2011-01-04,50.0,31.612,15.35,0.29,0.0,-0.16
2011-01-05,58.583,30.869,14.58,0.22,0.04,0.88
2011-01-06,32.417,31.571,14.5,0.1,1.54,2.35
2011-01-07,36.583,30.391,14.44,0.14,0.56,4.67
2011-01-08,31.417,31.4,14.51,0.09,0.08,3.98
2011-01-09,25.083,32.267,15.33,0.16,3.65,4.1
2011-01-10,26.333,31.784,16.28,0.15,2.52,0.22
2011-01-11,29.667,31.6,15.62,0.17,0.7,0.37
2011-01-12,28.25,32.581,15.34,0.22,0.93,4.07
2011-01-13,50.917,31.528,15.32,0.36,0.29,4.64
2011-01-14,29.417,32.459,15.58,0.39,0.03,7.33
2011-01-15,44.167,32.022,15.73,0.46,0.0,7.18
2011-01-16,34.667,31.628,15.64,0.45,0.01,6.89
2011-01-17,31.833,31.648,15.33,0.52,0.0,5.84
2011-01-18,40.667,31.537,14.79,0.37,0.0,4.46
2011-01-19,35.917,31.322,14.17,0.3,0.08,3.96
2011-01-20,24.583,32.038,13.51,0.18,0.05,1.59
2011-01-21,30.917,31.795,12.77,0.37,0.01,-1.73
2011-01-22,29.167,31.646,12.09,0.34,0.07,-6.97
2011-01-23,20.167,31.867,11.44,0.27,0.03,-7.13
2011-01-24,22.333,31.802,10.82,0.32,0.05,-3.82
2011-01-25,25.833,31.707,10.39,0.39,0.01,-1.44
2011-01-26,24.5,31.568,10.34,0.31,0.0,-0.76
2011-01-27,29.583,31.286,10.33,0.25,0.01,-2.17
2011-01-28,24.25,31.319,10.46,0.27,0.02,-1.4
2011-01-29,16.25,31.673,10.59,0.2,3.74,-1.26
2011-01-30,18.417,31.55,10.59,0.14,3.27,-1.81
2011-01-31,13.333,31.751,10.53,0.26,0.07,-1.79
2011-02-01,28.167,31.787,10.48,0.19,0.1,-1.57
2011-02-02,31.0,31.8,10.44,0.34,0.05,-0.14
2011-02-03,40.75,31.002,10.43,0.64,0.04,1.88
2011-02-04,26.833,30.941,10.41,0.48,0.0,2.42
2011-02-05,24.583,31.181,10.38,0.52,0.04,5.98
2011-02-06,19.0,31.089,10.68,0.67,0.0,7.87
2011-02-07,9.583,31.677,11.19,0.73,0.0,7.95
2011-02-08,28.0,32.186,11.33,0.6,0.0,6.22
2011-02-09,38.0,31.586,11.1,0.5,0.0,5.16
2011-02-10,26.75,32.227,10.78,0.48,0.0,4.66
2011-02-11,25.0,32.687,10.51,0.5,0.0,4.62
2011-02-12,34.417,32.329,10.31,0.41,0.0,4.39
2011-02-13,17.0,31.785,10.3,0.35,0.0,3.5
2011-02-14,17.417,30.834,10.35,0.34,1.31,2.04
2011-02-15,22.0,30.921,10.35,0.43,0.8,-1.49
2011-02-16,21.833,30.945,10.33,0.35,0.11,-0.65
2011-02-17,19.583,30.972,10.54,0.29,0.18,0.01
2011-02-18,15.833,31.514,10.51,0.41,1.89,-0.47
2011-02-19,23.667,31.017,10.5,0.45,0.02,2.83
2011-02-20,8.833,31.518,10.51,0.46,1.36,3.42
2011-02-21,8.75,32.309,10.45,0.51,0.08,2.69
2011-02-22,26.667,31.633,10.44,0.49,5.46,1.68
2011-02-23,12.833,31.673,10.77,0.58,3.72,2.02
2011-02-24,20.833,31.243,11.9,0.64,2.4,4.33
2011-02-25,9.0,31.771,12.75,0.7,0.15,6.58
2011-02-26,19.083,31.722,13.94,0.81,0.02,8.8
2011-02-27,9.25,32.085,14.61,0.83,0.25,6.36
2011-02-28,11.75,31.658,14.01,0.61,0.3,-1.95
2011-03-01,8.583,31.368,13.25,0.65,0.87,-1.15
2011-03-02,5.417,31.553,12.57,0.84,0.02,-0.65
2011-03-03,20.75,31.112,12.01,0.67,0.08,-0.41
2011-03-04,17.667,31.247,11.43,0.54,0.46,-3.46
2011-03-05,13.5,31.542,11.16,0.64,0.68,0.52
2011-03-06,8.0,32.012,10.93,0.82,0.17,1.78
2011-03-07,8.083,32.214,10.67,1.16,0.02,2.77
2011-03-08,9.5,32.528,10.46,1.31,0.0,3.38
2011-03-09,15.0,32.196,10.28,0.88,0.0,2.55
2011-03-10,15.083,32.326,10.24,0.95,0.0,4.68
2011-03-11,15.583,32.204,10.35,1.3,0.0,5.59
2011-03-12,12.25,32.397,23.8,1.25,7.22,5.08
2011-03-13,25.417,32.009,27.15,0.72,21.99,0.78
2011-03-14,19.417,32.1,24.76,1.07,2.62,5.74
2011-03-15,24.833,31.483,28.59,0.92,3.68,4.52
2011-03-16,33.25,30.961,31.81,0.83,10.78,2.67
2011-03-17,24.667,31.097,32.24,0.93,4.33,3.82
2011-03-18,21.5,31.027,32.29,1.22,0.58,4.36
2011-03-19,26.583,30.884,32.6,1.61,0.01,6.72
2011-03-20,21.917,30.871,32.21,1.41,0.0,5.32
2011-03-21,20.917,31.104,31.72,1.52,0.0,5.72
2011-03-22,20.5,31.828,31.64,1.2,1.63,4.06
2011-03-23,27.0,32.012,31.03,0.97,3.37,-0.16
2011-03-24,38.333,31.823,30.69,1.84,0.13,4.32
2011-03-25,41.167,31.612,29.99,1.72,0.01,5.12
2011-03-26,31.417,31.465,29.3,1.43,0.16,5.39
2011-03-27,24.5,31.419,29.35,1.77,1.21,7.71
2011-03-28,19.25,31.584,29.69,1.34,2.1,4.74
2011-03-29,22.25,32.108,29.45,1.58,0.85,5.8
2011-03-30,24.667,31.617,29.8,1.42,3.13,4.77
2011-03-31,20.833,31.553,29.64,1.69,1.24,7.44
2011-04-01,19.25,31.808,30.26,2.14,0.32,9.63
2011-04-02,22.667,32.031,31.05,2.79,0.02,11.23
2011-04-03,28.833,31.053,31.86,2.77,0.0,12.2
2011-04-04,16.5,31.212,33.91,2.14,2.84,11.23
2011-04-05,23.917,31.391,34.02,1.8,0.02,9.77
2011-04-06,44.167,31.222,34.0,2.9,0.02,12.75
2011-04-07,35.0,31.524,34.43,3.2,0.0,14.05
2011-04-08,34.833,31.445,34.67,3.23,0.0,14.95
2011-04-09,32.917,31.498,34.31,3.52,0.0,15.65
2011-04-10,31.917,31.439,33.51,3.53,0.0,16.0
2011-04-11,29.917,31.205,32.99,2.47,1.4,11.6
2011-04-12,19.75,32.267,31.7,2.57,0.25,10.53
2011-04-13,38.25,31.462,30.18,2.65,0.0,9.36
2011-04-14,29.667,31.396,28.75,2.86,0.0,10.0
2011-04-15,25.5,31.604,27.37,2.33,0.0,8.3
2011-04-16,21.25,31.689,26.01,2.16,0.31,6.41
2011-04-17,34.667,31.383,24.56,2.37,0.0,7.19
2011-04-18,31.0,31.473,23.21,2.41,0.0,7.09
2011-04-19,31.25,31.836,22.01,2.65,0.0,7.55
2011-04-20,34.083,31.787,20.94,2.45,0.08,8.0
2011-04-21,34.583,31.887,19.84,2.19,0.02,7.51
2011-04-22,30.083,32.055,19.06,2.57,0.35,8.86
2011-04-23,31.417,32.014,22.55,2.02,1.74,7.19
2011-04-24,35.583,31.887,28.13,1.35,12.93,4.43
2011-04-25,31.917,32.001,27.36,2.29,0.91,7.4
2011-04-26,40.75,31.427,27.15,2.44,1.57,8.78
2011-04-27,26.917,31.986,26.56,2.84,0.03,9.28
2011-04-28,26.75,32.157,28.17,3.38,1.2,9.73
2011-04-29,34.0,31.586,30.78,2.33,5.49,7.16
2011-04-30,22.75,32.165,28.46,2.61,0.17,8.15
2011-05-01,19.667,31.957,29.67,3.01,2.72,8.87
2011-05-02,16.333,31.833,29.38,2.64,0.63,8.56
2011-05-03,19.417,31.422,30.33,2.59,4.21,8.7
2011-05-04,12.583,31.591,29.69,2.71,1.82,8.9
2011-05-05,8.667,31.885,29.13,3.07,0.07,10.08
2011-05-06,15.333,31.733,34.29,3.01,6.89,10.89
2011-05-07,8.167,32.227,40.5,2.91,0.17,10.77
2011-05-08,10.417,31.999,55.18,2.16,19.66,8.69
2011-05-09,15.417,31.663,45.2,3.51,0.04,11.65
2011-05-10,19.333,31.419,41.69,3.92,0.0,13.6
2011-05-11,12.5,31.501,40.06,3.6,0.91,13.42
2011-05-12,18.25,31.183,40.65,4.16,2.9,14.26
2011-05-13,22.083,31.394,41.33,3.51,3.43,12.54
2011-05-14,33.0,31.306,39.48,2.97,0.27,10.9
2011-05-15,23.667,32.134,39.85,3.41,3.76,10.2
2011-05-16,41.083,31.263,38.06,3.12,0.04,7.79
2011-05-17,30.75,31.283,35.89,4.02,0.01,11.09
2011-05-18,27.333,30.612,34.57,4.32,0.49,12.57
2011-05-19,19.75,31.012,35.25,3.58,3.3,11.46
2011-05-20,18.0,31.743,34.31,3.5,0.98,10.77
2011-05-21,29.167,32.019,32.74,3.63,0.66,11.02
2011-05-22,30.417,31.934,33.55,4.11,0.24,12.98
2011-05-23,24.583,31.926,33.72,3.75,2.68,13.52
2011-05-24,32.25,31.777,30.17,5.04,0.01,15.69
2011-05-25,44.667,31.115,28.22,4.85,0.06,15.64
2011-05-26,30.417,31.617,29.32,5.31,0.01,17.26
2011-05-27,34.833,31.887,47.41,4.5,12.22,15.44
2011-05-28,33.167,32.066,36.64,2.84,0.04,11.3
2011-05-29,35.0,32.165,32.66,4.03,0.0,12.92
2011-05-30,35.583,32.207,34.87,4.99,1.46,15.33
2011-05-31,40.0,31.268,39.45,3.09,11.47,12.21
2011-06-01,21.917,32.933,38.47,2.66,2.32,8.32
2011-06-02,62.25,31.217,36.22,3.02,0.54,6.49
2011-06-03,33.667,32.072,35.2,2.88,0.61,7.88
2011-06-04,50.75,31.23,37.85,3.2,7.53,9.78
2011-06-05,37.667,31.594,38.86,2.38,4.61,8.49
2011-06-06,44.75,31.247,46.42,3.14,0.61,10.37
2011-06-07,41.0,31.256,55.81,3.04,9.55,11.25
2011-06-08,30.0,32.238,48.07,2.35,7.81,8.47
2011-06-09,31.083,31.8,44.72,2.81,1.12,8.7
2011-06-10,42.583,31.714,48.0,3.47,9.44,10.25
2011-06-11,38.833,31.988,49.68,2.47,4.72,8.33
2011-06-12,47.583,31.563,46.89,3.14,0.05,10.4
2011-06-13,43.583,31.507,51.14,4.55,3.43,14.44
2011-06-14,48.417,30.977,56.45,3.59,5.84,13.25
2011-06-15,32.083,31.95,47.31,4.36,0.01,14.81
2011-06-16,44.25,31.743,44.38,4.32,0.59,16.14
2011-06-17,46.583,31.373,43.74,3.97,1.95,16.05
2011-06-18,42.583,31.605,41.45,3.82,0.06,15.9
2011-06-19,48.333,31.048,38.8,3.2,0.0,11.97
2011-06-20,41.083,31.124,36.44,5.15,0.01,15.06
2011-06-21,41.5,31.073,34.85,5.34,0.0,18.15
2011-06-22,35.583,31.453,40.73,4.62,6.94,18.45
2011-06-23,30.583,31.625,42.23,4.09,6.2,16.37
2011-06-24,27.25,31.901,39.87,2.95,0.03,13.15
2011-06-25,39.167,31.266,37.12,4.57,0.0,15.99
2011-06-26,20.417,32.019,34.83,5.74,0.0,19.67
2011-06-27,35.417,31.607,32.82,5.91,0.0,21.03
2011-06-28,29.5,31.712,31.04,5.94,0.0,20.9
2011-06-29,33.0,31.402,30.92,4.93,2.2,20.24
2011-06-30,12.917,32.261,29.91,3.92,0.15,15.62
2011-07-01,32.917,31.427,28.11,4.64,0.0,15.78
2011-07-02,20.75,31.669,26.49,5.31,0.0,16.79
2011-07-03,18.917,32.113,25.34,5.18,0.03,18.49
2011-07-04,28.0,31.743,27.73,3.68,6.51,16.75
2011-07-05,18.917,32.335,29.41,3.05,3.85,13.29
2011-07-06,39.167,31.95,27.93,5.53,0.04,18.0
2011-07-07,30.333,32.1,26.48,4.39,0.0,17.4
2011-07-08,32.75,31.921,24.97,3.62,0.0,15.62
2011-07-09,19.667,32.39,23.55,4.55,0.0,15.54
2011-07-10,26.0,31.584,22.28,4.29,0.08,17.38
2011-07-11,15.5,31.782,21.02,4.23,0.0,18.47
2011-07-12,20.25,31.491,20.03,5.22,0.0,19.78
2011-07-13,11.25,31.795,24.44,3.26,11.41,16.22
2011-07-14,4.5,32.58,27.41,2.84,0.77,13.03
2011-07-15,19.917,31.813,27.63,3.39,2.76,11.98
2011-07-16,8.5,32.178,26.34,4.04,0.07,15.37
2011-07-17,13.75,32.113,25.06,4.21,0.06,17.84
2011-07-18,11.667,32.014,24.02,2.06,0.42,11.67
2011-07-19,18.75,31.869,25.3,3.67,5.84,12.18
2011-07-20,16.667,31.815,25.66,2.95,0.25,10.67
2011-07-21,23.083,31.553,24.18,4.22,0.0,13.73
2011-07-22,12.75,31.818,22.95,3.39,0.0,13.95
2011-07-23,10.083,32.248,21.58,2.41,0.0,11.78
2011-07-24,10.333,32.274,20.31,4.14,0.01,12.31
2011-07-25,5.333,32.193,19.79,3.57,1.2,13.84
2011-07-26,30.083,31.648,20.94,2.86,2.01,14.26
2011-07-27,20.667,31.875,22.9,2.6,4.18,13.8
2011-07-28,27.5,31.573,22.57,3.51,1.06,14.23
2011-07-29,22.667,31.637,21.45,3.61,0.0,15.33
2011-07-30,27.667,31.169,21.18,3.72,0.0,16.23
2011-07-31,2.667,31.903,20.86,3.63,3.24,14.8
2011-08-01,10.667,31.934,19.31,4.21,0.01,16.09
2011-08-02,18.5,32.264,18.13,4.71,0.0,18.25
2011-08-03,23.25,32.134,17.14,4.09,0.0,17.49
2011-08-04,16.0,32.225,16.69,3.82,0.87,16.96
2011-08-05,26.083,31.671,27.73,4.81,0.0,18.97
2011-08-06,16.25,31.802,54.19,3.69,21.59,16.72
2011-08-07,18.75,31.358,37.9,3.95,0.63,18.19
2011-08-08,15.833,31.155,32.45,3.0,0.11,16.63
2011-08-09,14.417,31.391,29.76,2.99,0.0,13.29
2011-08-10,19.167,31.227,27.82,3.93,0.03,13.81
2011-08-11,20.833,31.604,26.1,4.36,0.0,16.11
2011-08-12,19.083,31.722,24.54,4.79,0.0,17.98
2011-08-13,20.583,31.728,24.18,4.78,0.0,20.05
2011-08-14,26.667,31.15,27.8,3.81,5.92,18.77
2011-08-15,22.583,31.064,27.48,3.52,2.13,18.1
2011-08-16,18.583,31.651,26.2,3.61,0.05,18.75
2011-08-17,25.333,31.584,24.67,4.11,0.01,20.19
2011-08-18,28.833,31.478,23.32,4.49,0.07,21.11
2011-08-19,26.917,31.566,22.05,3.87,0.07,20.23
2011-08-20,25.917,31.561,20.74,4.81,0.0,22.33
2011-08-21,24.667,31.161,19.58,5.29,0.0,23.22
2011-08-22,20.5,30.867,18.63,5.09,0.0,22.61
2011-08-23,16.5,31.615,17.64,3.66,0.0,19.59
2011-08-24,32.417,31.171,16.71,4.06,0.0,19.96
2011-08-25,25.417,31.309,17.2,3.28,3.33,17.96
2011-08-26,20.333,31.862,17.82,3.74,0.08,18.7
2011-08-27,33.0,31.468,17.76,2.61,1.35,12.72
2011-08-28,11.917,32.111,16.98,3.04,0.03,12.7
2011-08-29,21.833,31.965,16.0,3.7,0.0,16.05
2011-08-30,19.667,31.622,15.14,3.58,0.0,17.21
2011-08-31,15.667,31.63,15.02,3.51,0.05,17.26
2011-09-01,11.25,32.058,17.73,2.9,0.05,16.84
2011-09-02,4.0,32.399,16.67,3.22,0.16,17.86
2011-09-03,15.417,32.324,18.28,3.22,6.4,17.44
2011-09-04,19.167,31.831,19.93,2.32,0.69,14.18
2011-09-05,10.75,32.055,20.08,2.45,1.67,14.79
2011-09-06,18.333,32.079,19.1,2.19,0.02,13.3
2011-09-07,12.417,32.583,17.94,3.13,0.0,15.81
2011-09-08,27.417,31.795,16.91,3.41,0.0,17.4
2011-09-09,20.667,31.63,15.98,3.39,0.0,18.73
2011-09-10,16.417,31.722,15.07,3.63,0.0,18.92
2011-09-11,10.417,32.105,14.33,3.8,0.0,19.35
2011-09-12,14.75,31.97,13.58,2.42,0.0,16.42
2011-09-13,12.833,32.342,12.78,3.32,0.0,18.16
2011-09-14,21.167,32.069,12.14,3.28,0.0,18.4
2011-09-15,12.917,32.483,11.79,2.49,0.0,17.31
2011-09-16,22.333,32.014,13.07,3.02,2.2,18.54
2011-09-17,15.0,32.209,12.76,2.92,0.87,18.44
2011-09-18,14.75,32.168,12.92,2.34,1.84,16.88
2011-09-19,12.5,32.336,12.99,1.26,0.52,8.61
2011-09-20,18.25,32.303,12.39,2.08,0.07,10.13
2011-09-21,20.75,32.242,11.69,2.77,0.0,14.59
2011-09-22,18.583,32.167,11.18,2.69,0.01,16.25
2011-09-23,24.25,31.661,11.39,2.26,1.46,15.58
2011-09-24,15.167,31.787,18.02,2.08,0.63,15.46
2011-09-25,7.0,32.538,18.13,1.3,7.22,10.87
2011-09-26,18.25,32.285,15.4,2.09,0.01,13.68
2011-09-27,20.75,32.037,14.07,2.28,0.0,15.14
2011-09-28,18.167,32.144,13.2,2.03,0.1,15.17
2011-09-29,19.667,32.055,12.48,1.92,0.1,14.51
2011-09-30,15.917,32.037,11.87,1.97,0.09,13.8
2011-10-01,14.75,32.181,11.22,1.76,0.0,13.29
2011-10-02,13.0,32.428,10.59,1.93,0.0,13.57
2011-10-03,23.75,31.658,10.35,2.14,0.0,15.3
2011-10-04,20.083,31.414,10.33,2.07,0.0,15.78
2011-10-05,10.333,32.183,10.33,2.25,0.0,15.09
2011-10-06,14.667,32.496,10.32,1.99,0.07,15.12
2011-10-07,21.5,32.155,10.34,1.88,0.1,15.45
2011-10-08,16.083,32.16,10.34,1.01,0.34,7.95
2011-10-09,16.417,31.903,10.32,1.1,0.01,8.99
2011-10-10,10.083,31.945,10.3,1.4,0.0,13.09
2011-10-11,11.417,32.399,10.29,1.76,0.0,15.89
2011-10-12,15.0,32.397,10.28,1.94,0.0,16.43
2011-10-13,4.833,32.664,10.27,1.88,0.0,17.55
2011-10-14,14.25,32.402,10.3,1.65,0.03,13.68
2011-10-15,16.667,32.066,10.31,0.94,0.0,12.4
2011-10-16,12.833,32.17,10.31,0.79,0.0,10.12
2011-10-17,11.333,32.368,10.31,0.75,0.0,10.26
2011-10-18,15.417,32.308,10.29,0.75,0.0,10.01
2011-10-19,19.583,31.968,10.3,0.91,0.0,10.5
2011-10-20,15.083,31.986,10.3,0.62,2.48,7.86
2011-10-21,16.0,31.88,10.29,0.53,0.02,5.06
2011-10-22,16.083,31.95,10.29,0.51,0.0,5.81
2011-10-23,16.75,31.782,10.29,0.71,0.0,7.75
2011-10-24,13.25,31.823,13.9,0.49,1.24,9.6
2011-10-25,4.583,31.996,25.2,0.59,19.58,7.0
2011-10-26,0.25,32.344,20.65,0.39,0.07,3.97
2011-10-27,3.167,32.407,27.76,0.41,2.03,6.96
2011-10-28,5.083,32.449,33.18,0.55,16.22,6.53
2011-10-29,6.0,32.256,31.4,0.52,3.37,6.73
2011-10-30,6.0,32.004,29.67,0.48,0.1,8.87
2011-10-31,5.5,31.779,28.17,0.38,0.01,9.64
2011-11-01,0.75,32.085,26.83,0.31,0.0,9.34
2011-11-02,8.333,31.707,27.12,0.44,1.83,8.16
2011-11-03,1.417,31.913,49.25,0.4,15.37,9.66
2011-11-04,6.333,31.676,61.46,0.49,26.24,6.45
2011-11-05,10.25,31.53,63.83,0.37,18.82,5.24
2011-11-06,12.083,31.189,64.02,0.37,3.73,6.45
2011-11-07,2.333,31.457,64.13,0.34,11.14,6.45
2011-11-08,6.25,31.276,64.05,0.24,1.98,5.07
2011-11-09,8.417,30.852,63.92,0.14,0.06,6.53
2011-11-10,1.833,31.178,63.82,0.17,0.15,7.08
2011-11-11,0.0,31.717,63.73,0.14,0.3,6.72
2011-11-12,0.0,32.089,63.6,0.23,0.22,8.29
2011-11-13,0.167,32.441,62.68,0.17,0.0,8.23
2011-11-14,2.5,32.501,53.39,0.15,0.22,7.62
2011-11-15,8.167,32.209,56.22,0.2,0.98,6.67
2011-11-16,10.167,32.116,62.6,0.24,15.35,4.5
2011-11-17,11.75,31.686,61.44,0.15,1.15,6.08
2011-11-18,8.417,31.36,59.49,0.11,0.39,4.36
2011-11-19,1.833,31.524,49.48,0.07,0.02,3.49
2011-11-20,0.0,31.81,46.39,0.3,1.1,6.65
2011-11-21,0.0,32.178,44.27,0.15,0.26,5.03
2011-11-22,0.25,32.465,43.81,0.16,4.34,5.77
2011-11-23,3.333,32.447,42.28,0.34,0.09,6.24
2011-11-24,6.417,32.263,40.21,0.31,0.03,5.8
2011-11-25,0.75,32.428,38.19,0.29,0.0,6.44
2011-11-26,8.25,32.053,36.29,0.39,0.02,6.42
2011-11-27,0.083,32.355,34.58,0.43,0.0,6.65
2011-11-28,1.0,32.53,32.84,0.35,0.01,5.2
2011-11-29,1.75,32.554,31.07,0.32,0.0,4.41
2011-11-30,9.917,32.454,29.39,0.36,0.01,4.96
2011-12-01,8.333,32.048,27.8,0.33,0.0,4.97
2011-12-02,3.167,32.575,26.34,0.33,0.01,5.06
2011-12-03,25.583,32.055,24.89,0.18,0.0,2.74
2011-12-04,10.667,31.994,23.54,0.24,0.1,2.92
2011-12-05,18.333,31.607,22.39,0.18,0.28,4.37
2011-12-06,21.083,31.45,21.5,0.14,0.44,3.73
2011-12-07,12.333,31.831,20.37,0.12,0.07,3.46
2011-12-08,25.417,31.053,19.35,0.16,0.01,5.2
2011-12-09,8.75,31.209,18.4,0.36,0.01,5.33
2011-12-10,16.417,31.424,17.42,0.26,0.0,3.79
2011-12-11,10.667,31.906,16.49,0.3,0.01,2.54
2011-12-12,17.583,31.648,15.6,0.14,0.0,1.97
2011-12-13,13.917,32.224,14.75,0.18,0.02,2.15
2011-12-14,23.833,31.968,13.98,0.17,0.02,2.72
2011-12-15,21.167,31.695,13.23,0.16,0.01,2.47
2011-12-16,12.333,32.131,12.56,0.16,0.0,1.23
2011-12-17,16.5,32.219,12.29,0.17,1.47,0.39
2011-12-18,21.667,31.942,11.73,0.12,0.64,-1.99
2011-12-19,17.833,32.037,11.1,0.1,0.06,-3.95
2011-12-20,16.417,32.139,10.64,0.22,0.13,-0.42
2011-12-21,20.833,31.993,11.53,0.26,4.86,3.62
2011-12-22,19.333,31.921,12.65,0.36,0.28,6.85
2011-12-23,22.667,31.437,13.19,0.39,0.04,8.0
2011-12-24,18.25,31.471,13.4,0.37,0.1,6.06
2011-12-25,10.5,32.105,12.77,0.44,0.01,1.93
2011-12-26,15.583,31.597,12.11,0.5,0.01,3.25
2011-12-27,11.75,31.682,11.5,0.39,0.0,2.88
2011-12-28,20.667,32.282,10.91,0.32,0.0,2.62
2011-12-29,27.833,31.97,10.41,0.33,0.06,2.94
2011-12-30,25.667,31.699,10.3,0.43,0.0,-0.28
2011-12-31,22.0,31.818,10.29,0.49,0.65,2.85
2012-01-01,20.833,31.596,10.29,0.32,1.32,5.27
2012-01-02,9.333,31.947,10.3,0.21,0.02,4.94
2012-01-03,24.25,31.743,10.29,0.12,0.77,1.31
2012-01-04,27.0,31.707,10.28,0.18,0.1,3.3
2012-01-05,27.083,31.95,10.27,0.45,0.26,4.24
2012-01-06,26.917,32.075,10.26,0.89,1.03,7.58
2012-01-07,14.5,31.596,10.26,0.58,0.05,1.88
2012-01-08,9.333,31.978,10.26,0.67,0.0,3.75
2012-01-09,13.75,32.085,10.26,0.5,0.0,4.68
2012-01-10,21.167,31.699,10.26,0.47,0.0,4.67
2012-01-11,12.5,31.87,10.26,0.55,0.0,4.53
2012-01-12,19.083,32.142,10.26,0.46,0.0,4.13
2012-01-13,30.917,31.691,10.26,0.44,0.0,3.47
2012-01-14,28.583,31.727,10.27,0.4,0.0,2.82
2012-01-15,12.917,31.535,10.27,0.35,0.0,1.33
2012-01-16,13.5,31.916,10.27,0.24,0.0,-0.37
2012-01-17,30.5,32.035,10.27,0.21,0.0,-0.43
2012-01-18,35.667,31.776,10.27,0.25,0.0,0.77
2012-01-19,32.417,31.722,10.26,0.38,0.0,2.99
2012-01-20,35.833,31.518,10.26,0.41,0.04,4.97
2012-01-21,22.833,32.332,10.26,0.38,0.09,4.85
2012-01-22,20.25,31.875,10.26,0.47,0.0,5.53
2012-01-23,13.333,31.558,10.26,0.38,0.0,5.69
2012-01-24,28.167,31.457,10.26,0.34,0.0,4.92
2012-01-25,29.5,31.012,10.26,0.39,0.0,4.3
2012-01-26,23.75,31.442,10.27,0.42,0.0,4.03
2012-01-27,22.417,32.098,10.28,0.23,0.03,2.83
2012-01-28,36.167,31.516,10.28,0.19,0.08,0.18
2012-01-29,16.083,31.712,10.27,0.14,1.53,-1.75
2012-01-30,17.5,31.962,10.25,0.38,0.31,-4.55
2012-01-31,22.333,31.633,10.26,0.52,0.47,-1.14
2012-02-01,15.083,32.066,10.27,0.29,0.38,-1.21
2012-02-02,16.75,32.103,10.28,0.18,0.35,-3.0
2012-02-03,24.25,31.56,10.27,0.2,0.0,-7.66
2012-02-04,16.0,31.568,10.25,0.38,0.02,-9.71
2012-02-05,16.083,31.988,10.26,0.55,0.0,-10.07
2012-02-06,17.75,32.242,10.26,0.39,0.76,-2.94
2012-02-07,26.083,32.198,10.24,0.49,0.07,-4.88
2012-02-08,26.75,32.056,10.25,0.84,0.0,-6.89
2012-02-09,24.5,32.335,10.26,0.52,0.04,-3.37
2012-02-10,29.75,31.9,10.25,0.58,0.06,0.47
2012-02-11,25.917,31.555,10.25,0.63,0.05,-4.52
2012-02-12,14.167,31.831,10.26,0.54,0.0,-7.28
2012-02-13,18.0,32.019,10.25,0.54,0.0,-7.24
2012-02-14,37.25,31.576,10.26,0.58,0.11,-3.54
2012-02-15,7.833,31.427,10.26,0.37,0.56,-3.1
2012-02-16,17.75,31.916,10.25,0.54,0.63,0.16
2012-02-17,25.417,31.399,10.26,0.57,0.25,-0.48
2012-02-18,18.333,31.648,10.26,0.37,0.09,1.4
2012-02-19,11.167,31.921,10.26,0.47,0.0,2.35
2012-02-20,14.083,32.044,10.25,0.45,0.0,0.08
2012-02-21,25.333,31.207,10.25,0.72,0.0,-2.0
2012-02-22,17.75,31.345,10.25,0.67,0.01,0.85
2012-02-23,14.417,31.366,10.24,0.95,0.0,3.82
2012-02-24,9.25,31.818,10.24,1.09,0.0,6.95
2012-02-25,21.5,30.9,10.24,0.82,0.0,8.11
2012-02-26,4.583,31.066,10.24,0.86,0.0,9.51
2012-02-27,0.917,31.35,10.25,0.9,0.0,6.94
2012-02-28,11.0,31.373,10.24,0.77,0.0,5.54
2012-02-29,10.75,31.366,10.23,1.16,0.0,6.47
2012-03-01,9.0,31.877,10.24,1.2,0.0,7.73
2012-03-02,19.917,31.594,10.25,1.2,0.01,7.38
2012-03-03,18.5,31.591,10.26,1.03,0.84,5.86
2012-03-04,13.0,31.566,10.27,0.78,1.32,3.75
2012-03-05,13.167,31.625,10.26,0.77,0.29,2.6
2012-03-06,16.0,31.901,10.25,0.93,0.0,-0.52
2012-03-07,25.5,31.253,10.24,0.98,0.03,-1.02
2012-03-08,9.917,31.882,10.23,1.14,0.41,3.56
2012-03-09,18.917,31.687,10.24,1.27,0.05,1.54
2012-03-10,7.167,32.022,10.23,1.32,0.0,2.79
2012-03-11,8.75,31.95,10.23,1.54,0.0,5.79
2012-03-12,6.833,31.8,10.22,1.67,0.0,7.44
2012-03-13,15.833,32.05,10.21,1.79,0.01,9.32
2012-03-14,13.583,32.313,10.2,2.11,0.04,10.8
2012-03-15,8.917,32.381,10.2,2.27,0.03,11.01
2012-03-16,8.917,32.434,10.22,2.19,0.0,10.3
2012-03-17,18.833,31.733,10.22,1.59,0.0,6.96
2012-03-18,15.583,31.586,10.24,1.66,0.42,6.99
2012-03-19,0.5,31.872,10.23,1.09,0.09,1.4
2012-03-20,7.417,32.183,10.24,1.29,0.04,1.37
2012-03-21,22.167,31.838,11.81,1.43,2.27,2.59
2012-03-22,13.583,31.823,14.32,1.05,31.16,2.34
2012-03-23,19.25,31.999,15.63,0.9,11.94,-0.04
2012-03-24,12.583,32.301,16.85,1.61,3.65,4.39
2012-03-25,28.25,31.568,18.19,2.25,0.0,7.37
2012-03-26,10.5,31.896,19.63,2.3,0.01,8.16
2012-03-27,25.75,31.201,21.02,1.73,0.29,6.81
2012-03-28,11.667,31.962,22.29,2.04,0.05,7.58
2012-03-29,8.917,31.9,23.47,2.32,0.0,8.48
2012-03-30,19.25,31.553,24.51,2.22,0.0,9.05
2012-03-31,21.667,31.746,25.44,2.74,0.0,9.87
2012-04-01,17.667,31.414,26.25,2.72,0.0,10.75
2012-04-02,14.917,31.797,26.95,2.48,1.12,9.81
2012-04-03,24.917,31.708,27.76,1.95,2.85,8.1
2012-04-04,25.5,32.187,28.67,1.36,5.28,5.11
2012-04-05,40.0,31.266,29.62,1.22,3.78,4.0
2012-04-06,19.167,31.96,30.61,1.28,5.39,3.9
2012-04-07,30.25,30.972,31.22,1.22,4.3,1.21
2012-04-08,12.5,31.834,31.56,1.9,0.63,3.62
2012-04-09,28.333,31.107,31.76,2.14,0.05,5.15
2012-04-10,21.583,31.445,31.88,2.52,0.01,7.89
2012-04-11,26.667,30.859,32.02,1.75,4.38,3.96
2012-04-12,12.25,31.257,32.32,1.91,0.33,3.46
2012-04-13,15.333,31.62,32.69,1.69,4.29,3.53
2012-04-14,19.5,31.519,32.54,1.65,0.67,1.79
2012-04-15,23.333,31.04,32.22,1.63,1.3,1.74
2012-04-16,4.667,31.143,31.77,1.73,3.13,0.72
2012-04-17,2.417,32.282,31.19,1.82,0.26,-0.96
2012-04-18,19.0,32.259,30.67,2.9,0.35,5.54
2012-04-19,29.583,31.35,30.63,1.73,1.49,3.04
2012-04-20,23.833,31.107,31.4,1.8,6.05,2.17
2012-04-21,11.25,31.864,31.38,2.31,0.14,4.39
2012-04-22,14.167,32.129,31.49,2.17,2.11,5.34
2012-04-23,16.083,32.188,32.03,1.9,2.55,3.58
2012-04-24,17.083,31.898,32.37,1.88,2.11,2.59
2012-04-25,18.333,31.833,34.69,2.21,5.16,3.5
2012-04-26,21.833,31.745,34.97,2.95,0.0,8.85
2012-04-27,19.5,31.735,34.79,3.3,0.43,11.95
2012-04-28,13.833,31.95,35.09,2.62,1.75,11.32
2012-04-29,13.25,32.1,38.73,1.76,21.91,6.57
2012-04-30,27.083,31.836,42.18,2.02,7.1,3.52
2012-05-01,27.75,31.45,43.38,1.26,8.74,0.94
2012-05-02,24.667,31.571,44.3,2.52,1.47,5.03
2012-05-03,21.667,31.597,45.08,2.97,0.27,6.86
2012-05-04,28.5,31.009,45.76,3.39,0.23,8.93
2012-05-05,23.833,31.612,46.33,2.23,4.1,6.15
2012-05-06,31.917,30.826,46.61,2.63,0.42,6.31
2012-05-07,19.167,31.277,46.61,2.79,1.08,7.03
2012-05-08,11.333,32.517,46.48,3.21,0.13,9.49
2012-05-09,25.583,32.412,46.18,2.92,0.91,10.67
2012-05-10,22.083,32.519,45.77,4.05,0.02,13.98
2012-05-11,35.417,32.394,45.34,4.58,0.0,16.27
2012-05-12,50.333,31.973,45.01,5.18,1.29,19.07
2012-05-13,44.167,31.971,44.79,4.16,1.24,18.1
2012-05-14,58.583,31.074,44.45,3.04,1.75,12.05
2012-05-15,75.833,31.725,43.95,3.99,0.72,11.17
2012-05-16,75.583,31.132,43.31,3.51,0.01,9.32
2012-05-17,90.083,31.171,42.51,3.99,0.0,10.86
2012-05-18,58.833,31.627,41.66,4.09,1.63,13.6
2012-05-19,67.667,32.08,41.54,3.13,1.11,12.13
2012-05-20,65.917,32.949,44.75,3.04,19.1,9.72
2012-05-21,87.5,32.311,46.63,1.97,8.72,4.87
2012-05-22,90.167,31.682,47.07,2.41,3.17,5.02
2012-05-23,59.167,31.95,47.01,2.68,0.55,8.1
2012-05-24,61.333,31.769,46.94,4.43,0.15,13.23
2012-05-25,65.667,31.653,46.86,4.47,0.29,15.0
2012-05-26,74.167,31.695,46.81,4.49,2.37,14.75
2012-05-27,88.25,32.346,46.53,4.01,0.21,15.01
2012-05-28,99.75,31.115,46.03,3.84,0.42,13.8
2012-05-29,76.333,31.872,45.53,3.93,3.1,13.45
2012-05-30,90.0,31.186,44.78,4.28,0.95,13.94
2012-05-31,76.083,31.192,43.97,4.96,0.91,15.5
2012-06-01,44.75,32.16,43.03,4.8,0.02,16.69
2012-06-02,54.75,31.875,42.09,5.52,1.21,18.82
2012-06-03,72.083,31.56,42.26,5.09,9.46,17.48
2012-06-04,52.917,31.615,42.95,2.53,8.97,10.7
2012-06-05,75.5,32.449,43.13,3.65,0.04,12.14
2012-06-06,89.25,31.499,42.96,4.92,0.0,15.79
2012-06-07,57.333,30.511,42.5,4.47,0.0,17.25
2012-06-08,41.25,31.159,42.12,4.26,5.1,16.58
2012-06-09,65.583,32.023,41.79,3.34,0.0,11.91
2012-06-10,60.833,30.943,41.22,3.59,0.03,12.25
2012-06-11,55.833,30.897,40.48,3.38,0.71,12.17
2012-06-12,22.667,31.074,39.66,3.25,1.39,9.63
2012-06-13,40.5,31.712,38.45,3.58,0.8,8.88
2012-06-14,35.833,31.04,31.9,3.8,0.01,10.85
2012-06-15,43.667,31.653,29.36,4.86,0.0,14.5
2012-06-16,27.667,31.025,27.71,5.48,0.0,16.47
2012-06-17,16.417,31.831,26.25,5.48,0.0,17.74
2012-06-18,51.167,31.386,25.3,4.62,0.21,17.43
2012-06-19,20.0,31.498,31.28,3.95,6.26,15.77
2012-06-20,24.75,31.836,41.17,2.41,25.76,12.45
2012-06-21,75.0,32.026,42.51,5.31,0.48,16.63
2012-06-22,52.917,31.079,42.76,4.75,0.02,16.75
2012-06-23,50.167,32.111,42.52,4.32,0.01,15.31
2012-06-24,29.25,31.343,41.94,5.03,0.01,17.1
2012-06-25,23.0,31.643,41.16,5.79,0.0,18.57
2012-06-26,43.083,31.823,36.26,5.81,0.0,19.83
2012-06-27,21.75,31.63,32.0,5.67,0.36,20.99
2012-06-28,19.167,31.673,31.09,5.57,1.66,21.03
2012-06-29,22.25,31.519,29.92,5.3,0.18,21.21
2012-06-30,36.333,31.458,28.3,5.09,0.01,20.4
2012-07-01,38.833,32.305,32.68,5.05,1.91,17.83
2012-07-02,25.5,31.978,34.37,1.85,5.37,8.89
2012-07-03,20.667,32.444,30.16,4.61,0.41,13.99
2012-07-04,27.25,32.245,28.77,5.11,0.14,17.27
2012-07-05,19.667,32.587,37.44,4.6,6.33,16.89
2012-07-06,27.333,32.525,39.58,2.97,8.24,12.25
2012-07-07,30.083,32.175,38.82,3.8,0.87,13.68
2012-07-08,20.083,32.457,38.05,4.22,0.13,15.93
2012-07-09,22.5,32.612,33.49,3.74,0.04,15.47
2012-07-10,37.5,31.48,29.29,3.99,0.01,16.52
2012-07-11,20.5,31.643,27.67,4.27,0.0,17.13
2012-07-12,15.5,32.178,26.1,3.48,0.18,15.3
2012-07-13,21.333,32.028,24.58,4.21,0.0,16.0
2012-07-14,24.833,31.048,23.29,4.92,0.0,17.67
2012-07-15,23.167,31.432,22.01,3.15,0.0,13.29
2012-07-16,23.583,31.09,20.7,3.86,0.0,12.87
2012-07-17,8.833,31.973,19.46,4.65,0.0,16.52
2012-07-18,18.167,32.048,18.3,5.41,0.0,18.97
2012-07-19,19.917,31.926,17.29,6.02,0.0,20.76
2012-07-20,18.5,31.883,16.42,4.81,0.0,19.46
2012-07-21,14.25,32.295,15.58,4.26,0.0,17.52
2012-07-22,27.25,31.825,14.77,3.72,0.0,15.26
2012-07-23,18.583,32.04,13.9,3.61,0.0,14.16
2012-07-24,14.833,32.498,13.1,4.94,0.0,15.62
2012-07-25,23.25,32.23,12.34,4.41,0.0,16.54
2012-07-26,15.333,32.751,11.67,4.94,0.01,20.16
2012-07-27,19.5,32.741,13.44,4.54,0.56,20.91
2012-07-28,24.5,32.305,25.69,4.04,12.46,18.12
2012-07-29,19.25,32.251,20.82,3.94,0.82,17.19
2012-07-30,22.5,31.896,18.62,3.84,0.03,17.2
2012-07-31,26.583,31.194,17.22,4.15,0.05,18.79
2012-08-01,11.25,31.906,16.04,4.72,0.01,20.18
2012-08-02,14.667,32.264,15.12,4.65,0.0,19.69
2012-08-03,21.583,32.131,14.3,4.1,0.0,18.39
2012-08-04,17.667,32.196,13.5,3.77,0.0,17.78
2012-08-05,23.917,31.705,14.11,4.07,2.02,17.97
2012-08-06,13.0,32.217,22.81,3.12,9.49,15.83
2012-08-07,23.833,31.887,21.93,2.87,0.66,13.88
2012-08-08,21.833,31.714,19.96,4.41,0.07,17.19
2012-08-09,20.083,31.689,18.53,4.73,0.01,20.12
2012-08-10,20.75,31.704,17.37,5.6,0.01,22.7
2012-08-11,17.333,31.615,16.34,5.38,0.02,24.06
2012-08-12,10.75,32.165,15.61,5.46,0.12,22.22
2012-08-13,18.667,31.981,14.85,3.46,0.0,17.34
2012-08-14,15.333,32.136,13.94,3.97,0.0,17.49
2012-08-15,18.75,31.973,13.16,4.52,0.0,19.54
2012-08-16,15.917,32.074,12.45,3.92,0.0,18.71
2012-08-17,15.417,32.222,11.68,4.14,0.0,19.45
2012-08-18,19.083,32.022,10.97,5.23,0.0,23.24
2012-08-19,9.583,32.658,10.42,5.01,0.0,24.28
2012-08-20,16.917,32.643,10.16,4.16,0.1,23.38
2012-08-21,28.083,31.673,10.14,4.78,0.29,23.13
2012-08-22,37.583,29.872,10.18,4.87,0.0,23.54
2012-08-23,10.583,30.586,10.18,4.15,0.0,22.48
2012-08-24,7.083,32.295,10.19,3.96,0.0,21.2
2012-08-25,18.75,32.162,10.22,3.47,0.01,20.41
2012-08-26,16.333,32.259,10.2,2.8,0.01,15.77
2012-08-27,19.583,32.084,10.17,3.47,0.0,15.76
2012-08-28,15.167,32.387,10.17,4.31,2.32,18.71
2012-08-29,17.417,32.538,10.28,3.7,0.15,19.49
2012-08-30,21.5,32.334,13.87,3.18,8.6,18.4
2012-08-31,17.0,32.562,17.75,1.88,6.93,10.68
2012-09-01,26.667,31.966,16.32,2.67,0.05,10.04
2012-09-02,13.25,32.603,15.26,2.27,0.05,9.23
2012-09-03,26.083,32.087,14.36,2.17,0.06,10.3
2012-09-04,16.0,32.428,13.51,2.44,0.0,12.76
2012-09-05,16.667,32.669,12.71,2.76,0.01,13.86
2012-09-06,23.25,32.183,11.98,2.96,0.0,14.81
2012-09-07,16.5,32.429,11.33,3.27,0.0,16.81
2012-09-08,30.917,31.414,12.33,2.99,0.23,17.21
2012-09-09,9.25,32.136,20.68,2.64,7.23,16.45
2012-09-10,22.333,32.009,33.04,2.71,12.56,15.63
2012-09-11,15.75,32.47,26.16,2.38,0.34,15.8
2012-09-12,23.417,32.201,23.1,2.68,0.01,16.86
2012-09-13,17.75,32.366,21.56,1.93,0.31,13.01
2012-09-14,25.5,31.986,20.31,2.16,0.07,11.74
2012-09-15,19.917,32.196,19.08,2.94,0.0,15.57
2012-09-16,18.833,32.014,17.98,2.98,0.0,17.58
2012-09-17,18.0,32.152,17.03,3.09,0.0,18.48
2012-09-18,27.5,31.537,16.63,2.21,0.0,17.75
2012-09-19,11.667,32.287,19.17,1.64,5.1,14.54
2012-09-20,19.5,32.363,18.47,1.6,0.02,13.07
2012-09-21,25.083,31.903,17.36,2.13,0.0,14.71
2012-09-22,25.167,31.622,16.34,2.02,0.0,15.69
2012-09-23,16.417,32.277,15.47,2.34,0.0,16.92
2012-09-24,21.333,32.241,17.85,1.94,6.24,15.75
2012-09-25,24.5,31.849,18.87,1.63,0.36,11.92
2012-09-26,18.833,31.95,21.27,1.45,0.34,10.98
2012-09-27,17.5,32.098,23.06,0.91,7.11,5.12
2012-09-28,22.5,31.859,21.52,1.26,0.26,10.04
2012-09-29,16.75,32.097,21.78,1.22,1.77,11.89
2012-09-30,14.917,32.488,22.79,0.57,5.07,8.14
2012-10-01,24.667,32.058,21.96,1.08,0.03,8.56
2012-10-02,20.917,32.061,20.77,1.22,0.04,10.12
2012-10-03,20.333,32.062,19.61,1.48,0.0,11.72
2012-10-04,22.75,31.769,18.51,1.48,0.0,12.04
2012-10-05,9.75,31.973,17.49,1.43,0.0,13.07
2012-10-06,17.0,31.735,16.52,1.59,0.0,13.74
2012-10-07,6.25,31.926,15.64,1.42,0.0,15.76
2012-10-08,9.167,31.836,14.8,1.2,0.01,15.68
2012-10-09,11.333,31.758,14.0,1.27,0.0,15.96
2012-10-10,15.083,31.519,13.4,1.18,0.0,15.22
2012-10-11,15.833,31.36,14.95,1.07,4.86,13.68
2012-10-12,13.083,31.189,17.53,0.88,3.62,10.55
2012-10-13,2.75,31.516,19.24,0.82,3.64,9.35
2012-10-14,1.083,31.96,18.31,0.75,0.07,7.7
2012-10-15,11.917,31.288,19.05,0.62,5.14,5.68
2012-10-16,0.5,32.012,19.2,0.57,0.33,5.29
2012-10-17,6.0,32.199,19.08,0.69,0.05,8.73
2012-10-18,6.167,32.368,18.36,0.78,0.01,10.35
2012-10-19,8.333,32.334,29.89,1.05,7.1,13.3
2012-10-20,11.5,32.298,38.29,0.79,24.03,11.63
2012-10-21,7.0,32.436,40.2,0.76,9.2,11.91
2012-10-22,17.417,31.42,41.27,0.61,5.88,8.06
2012-10-23,10.333,31.271,42.1,0.5,0.01,8.71
2012-10-24,4.583,32.077,42.51,0.47,0.02,10.13
2012-10-25,22.083,31.538,43.15,0.45,0.03,10.98
2012-10-26,22.333,30.923,45.34,0.51,18.94,7.84
2012-10-27,14.25,30.994,46.8,0.53,8.67,6.58
2012-10-28,6.417,31.127,48.03,0.54,1.1,2.62
2012-10-29,10.5,30.847,48.74,0.6,0.04,-2.18
2012-10-30,6.917,32.026,49.01,0.49,0.02,3.95
2012-10-31,27.333,31.32,49.0,0.28,2.33,3.96
2012-11-01,19.25,31.404,48.67,0.25,0.49,4.58
2012-11-02,12.083,31.963,48.09,0.23,0.33,4.37
2012-11-03,23.25,31.263,47.29,0.25,0.01,5.68
2012-11-04,14.917,31.36,47.48,0.29,0.4,7.7
2012-11-05,14.417,31.432,50.15,0.43,17.41,5.29
2012-11-06,18.333,30.732,50.84,0.22,0.01,2.91
2012-11-07,11.75,31.332,50.66,0.22,0.03,1.23
2012-11-08,19.333,30.875,50.09,0.44,0.01,4.43
2012-11-09,12.833,31.391,49.73,0.43,1.42,8.86
2012-11-10,21.583,31.22,49.41,0.29,7.59,8.02
2012-11-11,17.333,31.498,48.83,0.27,2.66,4.64
2012-11-12,20.583,31.48,48.32,0.28,2.36,2.42
2012-11-13,15.917,31.63,47.63,0.34,0.02,4.3
2012-11-14,15.5,32.024,46.84,0.49,0.01,8.12
2012-11-15,21.167,31.975,45.97,0.35,0.0,9.23
2012-11-16,22.333,31.787,41.12,0.28,0.01,8.26
2012-11-17,16.75,32.106,36.29,0.37,0.01,8.16
2012-11-18,34.167,30.962,42.9,0.2,7.13,5.43
2012-11-19,14.333,31.453,41.39,0.26,0.51,4.73
2012-11-20,17.5,31.573,35.08,0.22,0.03,4.79
2012-11-21,12.5,31.352,33.03,0.35,0.01,6.6
2012-11-22,18.0,31.422,31.39,0.25,0.42,5.41
2012-11-23,17.917,31.584,29.89,0.21,0.19,3.54
2012-11-24,18.083,31.738,28.29,0.37,0.0,5.08
2012-11-25,28.583,30.999,26.87,0.32,0.03,5.76
2012-11-26,13.583,31.594,31.92,0.21,0.46,6.4
2012-11-27,20.083,31.942,44.04,0.34,16.43,2.96
2012-11-28,21.0,31.986,37.57,0.16,3.02,-0.31
2012-11-29,20.583,31.558,32.64,0.38,0.53,-1.2
2012-11-30,16.167,31.849,30.31,0.39,0.08,-3.54
2012-12-01,18.083,31.934,28.42,0.29,0.01,-3.93
2012-12-02,19.167,31.926,26.8,0.36,0.04,-1.75
2012-12-03,21.083,31.826,25.55,0.37,0.75,1.03
2012-12-04,21.583,31.679,24.65,0.22,0.25,2.8
2012-12-05,17.083,31.913,23.39,0.2,0.95,-0.23
2012-12-06,18.083,31.689,22.12,0.18,2.35,-1.65
2012-12-07,19.333,31.694,21.01,0.21,0.96,-0.78
2012-12-08,22.083,31.471,20.13,0.26,1.18,0.79
2012-12-09,13.917,31.725,19.1,0.35,0.13,-1.58
2012-12-10,33.5,30.821,18.18,0.43,0.0,1.77
2012-12-11,17.083,31.122,17.49,0.37,0.0,0.96
2012-12-12,18.333,31.301,16.62,0.27,0.0,-1.7
2012-12-13,21.333,30.844,15.75,0.36,0.03,-1.02
2012-12-14,14.083,31.414,15.76,0.18,0.51,0.03
2012-12-15,15.833,31.771,19.31,0.19,7.84,1.99
2012-12-16,24.5,31.35,19.39,0.11,0.02,2.6
2012-12-17,19.333,31.358,19.27,0.18,2.46,2.98
2012-12-18,22.75,31.122,18.63,0.18,0.22,2.7
2012-12-19,19.917,31.002,17.97,0.41,0.0,4.54
2012-12-20,18.583,30.959,17.5,0.23,0.04,3.61
2012-12-21,13.833,31.455,16.83,0.14,0.22,2.46
2012-12-22,13.5,31.878,16.62,0.24,0.63,4.67
2012-12-23,28.417,30.967,17.63,0.37,0.03,7.27
2012-12-24,12.167,31.463,19.02,0.73,0.0,10.16
2012-12-25,24.417,31.053,19.85,0.76,0.0,9.86
2012-12-26,17.667,31.24,19.55,0.41,0.24,5.74
2012-12-27,15.25,31.684,18.59,0.27,0.05,3.08
2012-12-28,27.833,31.017,17.76,0.42,0.06,4.78
2012-12-29,15.583,31.425,17.02,0.37,0.0,5.55
2012-12-30,21.917,31.242,16.23,0.45,0.01,3.8
2012-12-31,20.083,31.174,15.37,0.26,0.0,1.39
2013-01-01,11.667,31.883,14.56,0.31,0.0,1.05
2013-01-02,28.417,31.038,13.82,0.18,0.64,1.21
2013-01-03,12.5,31.619,13.07,0.37,0.01,0.54
2013-01-04,28.333,30.874,12.46,0.57,0.04,4.2
2013-01-05,20.833,30.732,12.27,0.64,0.0,7.75
2013-01-06,18.5,30.73,12.62,0.92,0.0,10.03
2013-01-07,13.583,31.0,13.2,0.77,0.0,10.99
2013-01-08,20.25,30.851,13.3,0.69,0.0,10.44
2013-01-09,22.0,30.521,12.96,0.6,0.0,8.55
2013-01-10,11.667,31.194,12.41,0.6,0.03,5.63
2013-01-11,18.25,31.258,11.82,0.28,0.24,3.32
2013-01-12,10.583,31.973,11.23,0.28,0.01,0.64
2013-01-13,16.583,32.045,11.05,0.24,1.58,0.42
2013-01-14,12.667,31.867,10.76,0.21,2.57,-1.83
2013-01-15,21.333,31.437,10.37,0.24,2.41,-2.69
2013-01-16,36.25,31.051,10.32,0.15,2.82,-3.78
2013-01-17,37.417,30.921,10.31,0.14,4.0,-0.75
2013-01-18,21.75,31.934,11.17,0.33,0.89,-1.1
2013-01-19,40.167,31.607,32.11,0.23,11.61,2.65
2013-01-20,31.417,31.74,42.61,0.21,31.64,0.27
2013-01-21,36.083,31.648,30.9,0.15,1.26,-2.2
2013-01-22,36.417,31.609,26.86,0.16,0.74,-2.88
2013-01-23,29.75,32.111,24.68,0.14,0.13,-3.68
2013-01-24,27.75,31.97,23.08,0.21,1.36,-2.56
2013-01-25,35.25,31.748,21.77,0.26,1.78,-2.67
2013-01-26,27.25,32.428,20.99,0.44,2.47,-0.58
2013-01-27,30.417,32.374,21.35,0.36,2.01,1.83
2013-01-28,35.833,32.301,22.83,0.26,3.93,2.41
2013-01-29,44.167,31.209,22.81,0.39,0.61,2.61
2013-01-30,35.0,31.393,23.88,0.39,0.55,5.17
2013-01-31,35.417,31.543,25.35,0.51,0.0,7.34
2013-02-01,39.25,31.358,26.43,0.41,0.0,6.73
2013-02-02,30.583,31.779,26.78,0.23,2.62,3.37
2013-02-03,25.417,31.445,25.73,0.24,3.94,-4.17
2013-02-04,19.583,31.509,24.59,0.63,0.44,-1.94
2013-02-05,26.917,31.584,24.52,0.35,1.26,3.26
2013-02-06,37.0,31.447,23.99,0.28,0.26,2.1
2013-02-07,37.0,31.176,22.78,0.22,4.54,-3.79
2013-02-08,35.833,31.025,21.54,0.32,0.71,-5.33
2013-02-09,24.083,31.486,20.39,0.26,0.57,-4.13
2013-02-10,34.5,31.046,19.44,0.3,1.38,-2.31
2013-02-11,19.333,31.73,18.99,0.23,3.59,-1.15
2013-02-12,33.5,31.215,18.06,0.28,3.66,-2.72
2013-02-13,28.0,31.44,17.41,0.38,0.82,-0.97
2013-02-14,28.0,31.437,17.65,0.5,1.35,1.13
2013-02-15,27.333,31.45,19.77,0.4,1.83,3.84
2013-02-16,20.583,31.885,19.86,0.4,0.1,2.03
2013-02-17,26.25,31.712,19.48,0.35,0.0,2.05
2013-02-18,18.75,31.97,18.99,0.38,0.01,2.89
2013-02-19,27.083,31.689,18.58,0.48,0.06,3.04
2013-02-20,27.917,31.733,18.19,0.43,0.03,1.54
2013-02-21,27.083,31.885,18.06,0.53,0.01,3.03
2013-02-22,27.5,31.74,17.8,0.49,0.15,3.34
2013-02-23,22.333,32.349,17.14,0.52,0.04,-0.66
2013-02-24,26.417,32.418,16.24,0.46,0.04,-7.17
2013-02-25,31.833,31.841,15.37,0.55,0.14,-5.96
2013-02-26,40.0,31.232,14.56,0.47,0.14,-6.66
2013-02-27,30.583,31.929,13.79,0.49,0.33,-4.15
2013-02-28,46.5,31.258,13.12,0.52,0.37,-1.73
2013-03-01,30.417,31.96,12.54,0.7,0.02,-0.06
2013-03-02,34.25,31.963,11.97,0.76,0.08,0.13
2013-03-03,26.083,32.619,12.03,0.91,0.01,3.27
2013-03-04,27.583,32.538,12.31,0.81,0.0,3.78
2013-03-05,33.25,31.965,16.78,0.91,6.45,3.84
2013-03-06,25.25,31.929,25.86,0.71,14.92,3.49
2013-03-07,28.0,31.597,30.55,0.8,4.6,4.25
2013-03-08,,32.311,45.0,0.88,11.32,5.28
2013-03-09,19.5,32.297,46.03,0.96,3.91,5.14
2013-03-10,24.417,31.818,42.86,0.83,1.33,3.01
2013-03-11,18.583,31.53,36.68,0.92,0.18,2.58
2013-03-12,24.667,31.225,35.69,0.91,2.79,2.35
2013-03-13,21.75,31.898,34.44,0.84,2.16,1.15
2013-03-14,30.667,31.846,32.56,0.58,0.87,-5.02
2013-03-15,38.917,31.821,30.7,0.96,0.17,-5.13
2013-03-16,47.417,30.99,29.27,1.12,0.81,-1.07
2013-03-17,30.5,31.779,29.35,1.05,2.17,1.43
2013-03-18,36.0,31.73,29.62,0.69,7.08,-0.6
2013-03-19,35.917,31.168,28.35,0.92,0.61,-1.11
2013-03-20,34.667,30.897,27.8,1.22,0.8,2.3
2013-03-21,30.5,31.059,27.46,1.12,0.25,1.91
2013-03-22,25.833,31.579,28.39,1.77,0.0,6.01
2013-03-23,34.667,31.432,31.23,1.75,1.88,6.9
2013-03-24,30.417,31.686,31.45,1.27,0.71,3.83
2013-03-25,23.583,31.707,31.02,1.36,1.25,4.24
2013-03-26,20.25,31.86,31.77,1.4,3.29,4.64
2013-03-27,33.333,31.053,33.34,1.39,2.25,5.83
2013-03-28,25.417,31.22,35.84,1.29,5.55,5.67
2013-03-29,19.333,31.44,43.09,1.47,1.54,7.11
2013-03-30,21.083,30.821,44.44,1.45,7.03,6.18
2013-03-31,0.5,31.445,43.82,1.44,0.29,4.13
2013-04-01,5.667,31.527,43.4,1.79,1.5,5.5
2013-04-02,3.583,31.759,43.02,1.06,3.82,2.05
2013-04-03,21.75,31.215,42.43,1.54,0.63,3.11
2013-04-04,31.167,31.402,42.28,2.21,1.87,4.99
2013-04-05,43.5,31.035,41.92,1.19,7.03,2.27
2013-04-06,37.333,31.63,41.4,0.9,2.2,-1.9
2013-04-07,29.417,31.355,40.68,1.35,0.26,-1.26
2013-04-08,23.667,31.389,39.95,2.01,0.31,3.88
2013-04-09,29.25,30.944,39.21,1.81,0.07,3.55
2013-04-10,11.5,32.201,38.4,1.94,0.09,5.14
2013-04-11,28.667,31.73,37.71,2.6,0.0,8.2
2013-04-12,35.833,31.887,37.21,2.04,0.79,7.07
2013-04-13,34.167,32.079,36.79,2.45,0.04,6.41
2013-04-14,35.75,32.313,36.46,3.05,0.0,9.09
2013-04-15,34.25,32.337,36.5,3.41,0.0,11.81
2013-04-16,47.75,31.96,36.91,3.21,0.01,12.41
2013-04-17,45.0,31.882,37.58,3.2,0.0,12.5
2013-04-18,45.417,31.653,38.51,3.43,0.04,13.51
2013-04-19,50.167,31.656,39.94,3.49,1.27,12.0
2013-04-20,52.583,31.973,41.13,1.12,6.93,2.02
2013-04-21,58.583,31.735,41.81,2.56,0.06,2.35
2013-04-22,54.25,31.926,42.2,2.85,0.0,5.46
2013-04-23,56.667,31.87,42.24,2.25,0.0,4.43
2013-04-24,52.75,32.227,42.07,3.22,0.0,7.99
2013-04-25,51.167,32.659,41.91,3.33,0.01,9.1
2013-04-26,63.583,32.006,43.12,1.97,3.59,8.75
2013-04-27,58.833,31.774,47.13,1.48,17.71,5.3
2013-04-28,57.0,31.72,48.42,1.31,9.62,0.5
2013-04-29,57.25,31.758,50.14,1.22,3.94,0.32
2013-04-30,59.917,31.906,54.06,1.46,21.28,4.19
2013-05-01,60.25,32.179,56.84,2.02,3.32,4.92
2013-05-02,73.667,31.223,58.24,2.61,0.26,5.9
2013-05-03,74.583,32.588,59.04,2.4,2.07,5.06
2013-05-04,121.333,32.846,59.66,2.86,0.51,6.83
2013-05-05,80.583,32.204,59.92,2.62,1.12,7.52
2013-05-06,80.167,32.423,59.83,3.08,1.13,8.67
2013-05-07,123.917,32.23,59.7,3.98,0.62,11.75
2013-05-08,101.917,31.521,59.46,3.11,0.09,11.89
2013-05-09,113.917,33.063,59.33,2.84,1.96,12.06
2013-05-10,136.833,32.725,59.55,2.01,5.88,8.75
2013-05-11,156.667,33.153,59.5,2.69,0.04,8.17
2013-05-12,148.917,33.036,59.07,3.41,0.0,7.67
2013-05-13,105.25,32.753,58.37,3.56,0.0,8.91
2013-05-14,119.167,33.061,57.97,3.93,0.0,10.95
2013-05-15,121.5,32.054,59.63,2.66,8.76,9.52
2013-05-16,129.75,33.022,63.32,1.29,26.37,3.25
2013-05-17,158.333,32.774,65.02,2.19,2.25,2.83
2013-05-18,138.667,31.405,66.31,2.48,12.82,4.25
2013-05-19,123.583,32.376,66.68,2.02,3.12,2.12
2013-05-20,117.667,32.291,66.78,2.28,2.74,4.54
2013-05-21,102.583,30.902,66.65,1.94,3.63,3.68
2013-05-22,98.417,32.67,66.4,2.7,3.0,7.25
2013-05-23,106.0,31.878,66.15,2.65,1.77,7.35
2013-05-24,137.417,32.552,65.97,3.4,0.03,6.59
2013-05-25,118.083,31.735,65.77,3.07,0.05,4.39
2013-05-26,95.667,31.296,65.14,3.38,0.04,4.08
2013-05-27,79.583,31.727,64.36,3.99,0.18,8.82
2013-05-28,66.75,31.594,64.04,2.4,5.22,7.17
2013-05-29,96.0,32.503,63.35,2.09,4.9,3.31
2013-05-30,84.0,31.274,62.54,2.48,1.44,3.43
2013-05-31,71.0,32.165,61.62,2.53,7.51,5.39
2013-06-01,53.167,32.287,60.81,2.5,3.88,6.82
2013-06-02,96.667,32.024,59.91,2.97,0.65,8.32
2013-06-03,71.167,31.61,58.93,3.46,0.31,8.74
2013-06-04,74.5,31.203,57.98,4.51,0.01,10.43
2013-06-05,90.667,32.303,57.37,4.4,0.22,11.34
2013-06-06,90.0,32.274,58.54,3.95,6.02,11.48
2013-06-07,122.583,32.585,62.02,3.95,9.81,12.23
2013-06-08,117.833,32.527,65.01,3.7,0.86,11.98
2013-06-09,115.833,32.548,65.66,2.55,15.53,6.99
2013-06-10,115.083,32.783,65.28,2.03,6.46,6.83
2013-06-11,126.583,32.746,65.03,3.94,0.13,11.65
2013-06-12,121.583,32.022,64.85,4.23,0.03,14.28
2013-06-13,118.167,32.012,64.7,4.81,0.28,16.79
2013-06-14,134.083,32.551,64.58,4.36,4.05,16.4
2013-06-15,170.583,32.832,64.71,4.7,0.02,16.56
2013-06-16,199.833,33.005,66.06,4.87,0.0,17.05
2013-06-17,214.917,32.331,65.42,5.48,0.01,17.8
2013-06-18,283.25,32.279,194.47,3.91,29.31,16.45
2013-06-19,322.083,32.661,107.0,2.1,13.23,9.99
2013-06-20,344.417,32.764,93.47,2.74,2.12,9.3
2013-06-21,213.75,32.92,87.18,2.96,0.39,9.46
2013-06-22,174.0,32.721,82.66,2.84,1.53,9.84
2013-06-23,130.333,32.775,78.18,4.4,0.34,13.81
2013-06-24,133.917,32.703,73.77,3.69,0.07,10.66
2013-06-25,132.25,32.554,69.78,4.72,0.05,12.05
2013-06-26,122.167,32.411,67.56,4.54,0.01,12.13
2013-06-27,100.917,31.514,67.56,4.92,0.0,12.8
2013-06-28,91.083,31.97,67.56,4.55,0.09,13.24
2013-06-29,111.083,31.66,67.55,4.12,0.0,13.05
2013-06-30,81.417,31.388,65.87,5.07,0.0,15.57
2013-07-01,108.083,31.486,62.08,5.17,0.0,16.45
2013-07-02,108.417,31.348,63.68,4.31,7.48,15.23
2013-07-03,101.5,31.658,62.21,4.61,0.36,16.45
2013-07-04,95.167,31.375,58.25,4.15,0.0,15.52
2013-07-05,84.0,31.696,54.67,5.53,0.0,17.17
2013-07-06,63.5,31.841,51.45,6.05,0.0,18.53
2013-07-07,80.667,32.147,42.5,5.95,0.0,19.27
2013-07-08,87.25,31.779,45.15,5.48,0.0,19.0
2013-07-09,78.833,32.129,51.97,4.47,8.51,17.2
2013-07-10,77.417,32.219,45.92,4.49,1.49,17.62
2013-07-11,82.583,32.151,46.84,4.27,5.79,16.96
2013-07-12,86.667,30.878,45.2,3.89,2.48,15.96
2013-07-13,62.5,32.056,52.29,4.95,3.6,18.17
2013-07-14,78.917,31.352,63.51,4.16,15.88,16.51
2013-07-15,78.667,31.358,63.8,4.22,6.4,15.59
2013-07-16,85.5,30.79,63.88,4.66,0.65,17.22
2013-07-17,79.917,30.742,64.13,3.92,8.87,16.22
2013-07-18,78.917,30.852,64.25,3.7,5.39,14.83
2013-07-19,77.917,31.073,64.03,3.62,2.94,15.18
2013-07-20,74.167,30.526,63.84,4.0,3.01,15.93
2013-07-21,45.25,31.561,63.94,4.86,2.55,17.08
2013-07-22,69.5,31.212,64.07,4.41,5.2,17.04
2013-07-23,64.417,31.345,63.8,4.73,0.16,17.6
2013-07-24,68.0,30.638,64.16,4.38,11.97,17.17
2013-07-25,57.0,30.563,63.94,4.67,0.13,18.31
2013-07-26,57.583,30.376,63.8,5.16,0.0,19.79
2013-07-27,61.833,30.583,60.03,4.8,0.0,19.22
2013-07-28,39.667,31.913,52.29,4.47,2.52,19.16
2013-07-29,57.417,31.727,49.1,3.24,0.88,14.85
2013-07-30,51.417,32.178,46.34,4.14,0.02,15.04
2013-07-31,55.667,32.111,43.61,5.04,0.0,17.61
2013-08-01,51.667,31.983,41.11,5.46,0.0,19.22
2013-08-02,48.0,31.851,38.88,5.34,0.0,19.77
2013-08-03,47.583,31.978,37.43,4.84,1.05,20.3
2013-08-04,43.667,32.095,35.95,3.65,0.68,18.29
2013-08-05,50.417,31.82,33.94,4.69,0.0,19.16
2013-08-06,44.5,31.898,32.16,4.87,0.0,19.75
2013-08-07,49.25,31.537,35.88,3.96,0.84,19.17
2013-08-08,41.583,31.934,61.43,2.55,20.81,12.52
2013-08-09,48.75,31.89,60.08,3.15,0.1,12.2
2013-08-10,56.25,31.396,52.75,4.25,0.0,15.83
2013-08-11,48.417,31.222,48.32,4.59,0.0,17.85
2013-08-12,51.917,30.912,47.7,4.95,0.0,19.08
2013-08-13,40.083,31.584,60.45,4.04,10.67,18.21
2013-08-14,42.833,32.042,50.78,2.72,5.67,15.98
2013-08-15,61.167,30.875,45.03,3.66,0.02,16.85
2013-08-16,41.333,31.44,46.85,3.78,0.0,17.78
2013-08-17,44.917,31.813,59.23,3.33,14.06,16.93
2013-08-18,44.833,32.147,49.59,3.41,1.18,15.11
2013-08-19,53.083,31.789,45.76,4.15,0.03,17.46
2013-08-20,44.167,32.17,42.92,3.37,0.0,16.42
2013-08-21,55.583,31.388,40.32,4.27,0.0,16.71
2013-08-22,40.083,31.864,38.1,4.45,0.0,17.85
2013-08-23,41.333,32.108,36.8,3.72,1.14,17.41
2013-08-24,44.917,31.97,35.04,3.47,0.05,17.57
2013-08-25,44.583,31.978,33.45,2.45,0.55,13.88
2013-08-26,50.25,31.44,31.74,3.17,0.01,13.84
2013-08-27,41.833,31.45,30.43,2.33,0.42,12.33
2013-08-28,40.083,31.563,29.12,2.3,0.4,12.92
2013-08-29,40.333,31.62,27.61,2.16,0.02,12.24
2013-08-30,34.917,32.157,26.42,2.44,0.93,12.86
2013-08-31,55.333,31.194,25.0,2.57,0.12,13.09
2013-09-01,47.333,31.248,23.55,3.1,0.0,13.71
2013-09-02,40.75,31.831,22.23,3.2,0.0,14.61
2013-09-03,48.333,31.764,20.95,3.3,0.0,15.06
2013-09-04,42.75,32.177,19.77,3.72,0.0,16.14
2013-09-05,60.25,31.122,18.7,3.49,0.0,15.36
2013-09-06,41.167,31.733,17.75,3.25,0.0,15.18
2013-09-07,43.667,32.268,48.7,2.64,5.66,15.2
2013-09-08,51.0,32.47,60.57,1.24,31.49,9.94
2013-09-09,50.5,31.864,47.01,1.73,2.09,10.49
2013-09-10,45.083,32.121,42.64,2.5,0.03,12.94
2013-09-11,45.417,32.067,42.04,1.86,3.75,11.14
2013-09-12,38.25,31.516,39.59,1.67,0.01,9.32
2013-09-13,32.0,31.97,37.17,2.35,0.0,11.63
2013-09-14,52.583,31.406,35.0,2.5,0.0,13.29
2013-09-15,38.083,32.024,33.85,2.56,2.29,13.65
2013-09-16,49.5,31.666,32.84,2.0,0.03,11.63
2013-09-17,43.833,31.746,31.02,2.31,0.02,13.05
2013-09-18,41.833,31.414,29.27,2.04,0.0,11.61
2013-09-19,40.917,31.771,27.82,2.5,0.31,13.76
2013-09-20,50.417,31.357,26.39,2.11,0.0,13.24
2013-09-21,44.5,31.442,24.89,2.18,0.0,12.63
2013-09-22,50.0,31.107,23.48,2.52,0.0,14.04
2013-09-23,50.0,30.829,22.18,2.57,0.0,14.7
2013-09-24,,30.879,20.96,2.33,0.0,14.55
2013-09-25,33.5,31.201,19.9,2.49,0.08,15.93
2013-09-26,27.25,31.957,19.07,2.45,0.36,17.04
2013-09-27,19.333,31.849,18.09,2.33,0.01,17.8
2013-09-28,22.917,31.573,17.17,1.89,0.03,16.84
2013-09-29,21.5,31.36,17.15,1.45,1.59,12.92
2013-09-30,16.25,31.496,17.14,1.3,0.68,10.51
2013-10-01,19.083,31.445,16.28,1.41,0.04,12.96
2013-10-02,19.417,31.542,15.36,1.66,0.01,15.12
2013-10-03,13.5,31.998,15.51,1.84,0.0,16.27
2013-10-04,19.0,31.962,22.71,1.2,5.53,13.64
2013-10-05,18.5,31.847,29.8,1.04,10.03,10.98
2013-10-06,12.917,31.57,25.17,1.12,0.85,10.88
2013-10-07,12.167,31.402,23.09,1.08,0.05,8.98
2013-10-08,14.833,31.952,21.6,1.32,0.0,10.11
2013-10-09,24.0,31.729,20.33,1.0,0.0,10.03
2013-10-10,23.583,31.51,19.19,1.0,0.0,9.37
2013-10-11,19.25,31.603,18.22,0.78,0.27,6.85
2013-10-12,20.75,31.422,17.26,0.63,0.12,3.11
2013-10-13,7.0,31.571,16.46,0.9,0.09,5.81
2013-10-14,7.167,31.754,15.61,1.07,0.0,8.5
2013-10-15,9.75,32.453,14.8,1.04,0.03,10.45
2013-10-16,18.417,32.282,14.95,0.82,1.49,10.13
2013-10-17,21.917,31.394,14.96,1.17,0.24,13.45
2013-10-18,11.0,32.203,14.03,1.01,0.0,13.45
2013-10-19,21.167,32.107,13.26,0.97,0.0,14.21
2013-10-20,11.833,31.967,15.31,0.78,6.43,11.85
2013-10-21,9.667,31.969,17.75,0.67,0.23,11.29
2013-10-22,6.917,32.351,16.91,0.66,0.0,11.83
2013-10-23,16.917,31.815,19.13,0.65,5.8,11.21
2013-10-24,15.5,31.909,19.53,0.57,0.03,9.61
2013-10-25,10.5,32.309,18.4,0.57,0.0,11.36
2013-10-26,15.667,31.972,17.38,0.67,0.0,11.61
2013-10-27,11.0,32.002,16.41,0.57,0.0,13.45
2013-10-28,0.035,32.053,15.49,0.63,0.0,11.52
2013-10-29,0.718,32.31,14.7,0.79,0.1,11.93
2013-10-30,3.893,32.341,13.96,0.46,0.08,5.8
2013-10-31,3.493,32.613,13.23,0.7,0.02,4.38
2013-11-01,11.083,31.881,12.53,0.68,0.0,7.5
2013-11-02,1.0,32.017,11.88,0.49,0.07,8.23
2013-11-03,1.333,32.193,11.29,0.39,0.02,9.8
2013-11-04,4.706,32.031,10.84,0.44,0.5,7.64
2013-11-05,1.597,32.377,35.38,0.29,9.69,3.85
2013-11-06,3.25,32.419,32.28,0.63,10.76,11.21
2013-11-07,5.699,31.998,27.82,0.52,0.03,12.08
2013-11-08,2.347,32.338,25.92,0.31,0.0,10.33
2013-11-09,2.464,32.601,24.34,0.2,0.0,7.25
2013-11-10,9.0,32.029,23.38,0.27,0.17,5.39
2013-11-11,8.415,31.718,25.59,0.35,4.63,6.7
2013-11-12,2.232,32.022,24.91,0.53,1.08,7.42
2013-11-13,5.75,31.858,24.64,0.59,0.82,9.54
2013-11-14,13.033,31.106,23.62,0.47,0.19,8.24
2013-11-15,2.527,31.528,22.84,0.54,4.49,3.26
2013-11-16,5.26,31.725,21.9,0.4,1.99,-2.59
2013-11-17,20.25,30.321,25.26,0.47,1.58,3.95
2013-11-18,22.75,28.671,29.24,0.35,16.05,2.5
2013-11-19,18.333,27.409,28.25,0.35,3.72,3.12
2013-11-20,1.25,27.997,26.85,0.4,1.32,-0.24
2013-11-21,13.75,28.563,25.41,0.46,0.12,-3.93
2013-11-22,0.082,29.073,24.06,0.1,4.56,-2.83
2013-11-23,1.091,29.59,22.69,0.32,0.66,-3.08
2013-11-24,2.673,30.066,21.54,0.5,0.23,-1.25
2013-11-25,6.234,30.491,20.61,0.42,0.06,-0.09
2013-11-26,1.446,30.86,19.81,0.55,0.02,0.5
2013-11-27,1.516,31.218,18.75,0.43,0.01,-2.99
2013-11-28,1.587,31.558,17.73,0.28,0.03,-3.35
2013-11-29,1.787,31.904,16.8,0.28,0.02,-1.61
2013-11-30,3.242,32.192,16.2,0.32,0.3,0.68
2013-12-01,3.773,31.238,15.48,0.23,3.03,-1.38
2013-12-02,3.211,31.487,14.87,0.36,0.58,-0.24
2013-12-03,1.51,32.049,14.43,0.37,0.11,2.21
2013-12-04,3.222,32.583,14.36,0.29,0.12,3.98
2013-12-05,16.75,32.402,14.14,0.4,0.0,3.75
2013-12-06,25.5,31.335,13.89,0.4,0.0,3.68
2013-12-07,30.167,31.498,13.84,0.39,0.0,3.6
2013-12-08,21.333,31.429,13.68,0.45,0.01,4.44
2013-12-09,24.75,30.983,13.27,0.37,0.01,3.44
2013-12-10,21.583,31.082,12.8,0.4,0.0,3.77
2013-12-11,17.583,31.849,12.48,0.45,0.01,4.39
2013-12-12,24.5,31.584,12.21,0.45,0.0,4.27
2013-12-13,29.667,31.201,12.09,0.44,0.01,4.28
2013-12-14,25.667,31.287,11.75,0.36,0.03,4.05
2013-12-15,21.083,30.994,11.42,0.34,0.02,3.74
2013-12-16,12.25,31.823,11.22,0.48,0.0,5.37
2013-12-17,27.167,31.875,10.94,0.47,0.0,3.7
2013-12-18,38.75,30.86,10.43,0.1,0.0,0.8
2013-12-19,24.75,31.247,10.5,0.1,0.0,2.93
2013-12-20,23.167,31.827,10.68,0.21,3.13,0.91
2013-12-21,35.667,31.319,10.34,0.46,0.09,-0.82
2013-12-22,31.25,30.983,10.32,0.46,0.05,1.18
2013-12-23,22.417,31.061,10.3,0.37,0.0,2.12
2013-12-24,16.75,31.636,11.87,0.32,0.0,2.17
2013-12-25,24.917,31.758,22.7,0.23,21.54,1.89
2013-12-26,23.0,31.239,19.53,0.07,1.79,-0.7
2013-12-27,12.417,31.788,18.0,0.21,2.48,-2.31
2013-12-28,17.083,31.855,18.43,0.18,1.86,2.23
2013-12-29,17.75,31.703,18.26,0.1,3.67,-0.59
2013-12-30,16.0,31.792,17.28,0.14,0.9,-1.55
2013-12-31,25.583,31.324,16.42,0.21,0.35,-0.22
2014-01-01,10.917,31.993,15.86,0.22,0.3,0.42
2014-01-02,21.167,31.544,16.04,0.18,1.88,1.4
2014-01-03,22.833,31.02,15.96,0.07,0.88,3.0
2014-01-04,20.417,30.825,20.6,0.13,5.48,3.8
2014-01-05,14.0,31.1,23.7,0.1,11.21,0.42
2014-01-06,13.833,31.138,23.68,0.15,4.27,1.5
2014-01-07,13.25,31.527,23.5,0.23,0.02,4.87
2014-01-08,26.25,31.176,24.02,0.27,0.03,6.51
2014-01-09,18.833,31.355,24.58,0.38,0.04,7.18
2014-01-10,28.083,31.407,24.73,0.36,0.04,6.48
2014-01-11,29.25,31.375,24.54,0.42,0.02,6.52
2014-01-12,32.25,31.287,23.7,0.33,0.0,4.88
2014-01-13,33.75,30.973,23.18,0.42,0.23,4.46
2014-01-14,21.333,31.504,22.39,0.36,2.14,-0.86
2014-01-15,34.667,30.948,21.21,0.33,0.82,-0.74
2014-01-16,20.583,31.624,20.58,0.16,0.28,2.79
2014-01-17,28.25,31.956,19.77,0.08,0.95,-0.01
2014-01-18,41.25,31.46,26.25,0.15,0.03,-0.82
2014-01-19,31.667,31.398,24.78,0.19,14.97,-1.59
2014-01-20,19.0,31.817,22.8,0.27,4.84,-0.58
2014-01-21,39.25,30.628,21.15,0.19,0.98,-1.39
2014-01-22,20.583,31.16,20.24,0.3,0.32,-0.67
2014-01-23,26.667,31.202,19.24,0.19,2.03,-1.48
2014-01-24,24.417,31.634,20.34,0.31,2.06,0.85
2014-01-25,38.333,31.419,30.79,0.29,13.63,3.15
2014-01-26,22.833,32.054,30.74,0.3,3.53,5.2
2014-01-27,52.25,30.696,29.89,0.29,0.47,5.15
2014-01-28,33.5,30.959,28.32,0.22,0.84,-0.57
2014-01-29,37.583,30.784,26.8,0.11,0.93,-2.3
2014-01-30,22.333,31.429,25.39,0.11,0.49,-0.88
2014-01-31,27.0,31.952,24.07,0.21,0.15,-1.47
2014-02-01,37.583,31.768,23.17,0.21,0.08,0.98
2014-02-02,34.417,31.869,22.16,0.29,2.24,-1.87
2014-02-03,48.083,30.829,21.05,0.2,0.14,-2.09
2014-02-04,28.0,31.573,20.29,0.17,0.31,-2.52
2014-02-05,38.5,31.403,21.43,0.17,4.95,-0.49
2014-02-06,32.5,31.672,20.47,0.21,3.3,-0.84
2014-02-07,27.5,31.772,22.95,0.26,4.73,2.6
2014-02-08,32.167,31.324,23.35,0.26,0.57,0.8
2014-02-09,23.417,31.04,23.3,0.23,2.87,-0.96
2014-02-10,27.583,31.052,22.73,0.29,8.24,-1.99
2014-02-11,23.167,31.193,21.84,0.32,1.86,-1.34
2014-02-12,25.667,31.185,20.8,0.3,0.59,-2.52
2014-02-13,31.083,30.872,21.2,0.29,0.43,1.61
2014-02-14,11.167,31.647,22.94,0.45,1.35,4.21
2014-02-15,23.833,31.462,24.81,0.48,0.04,6.69
2014-02-16,22.083,31.05,26.48,0.45,3.91,3.88
2014-02-17,21.917,31.222,25.46,0.44,1.86,-1.82
2014-02-18,11.417,31.823,24.75,0.44,0.64,1.61
2014-02-19,26.417,30.99,24.31,0.58,0.44,3.82
2014-02-20,19.583,31.196,23.67,0.56,0.01,3.2
2014-02-21,16.667,32.221,23.52,0.43,0.28,4.24
2014-02-22,35.833,31.841,22.36,0.48,0.18,-0.56
2014-02-23,43.083,31.193,21.5,0.53,0.03,1.75
2014-02-24,21.833,31.259,21.07,0.71,0.0,2.89
2014-02-25,21.083,31.648,20.42,0.54,0.0,3.14
2014-02-26,33.417,31.185,20.34,0.49,2.04,0.69
2014-02-27,37.833,31.135,19.61,0.53,1.74,-0.59
2014-02-28,34.833,31.223,18.86,0.58,1.02,-0.2
2014-03-01,22.5,31.529,18.13,0.56,5.52,-1.62
2014-03-02,27.25,30.849,18.08,0.6,0.9,0.32
2014-03-03,19.167,30.794,20.14,0.71,3.04,4.1
2014-03-04,21.667,31.502,19.96,0.63,5.44,-0.6
2014-03-05,29.0,31.538,20.44,0.66,3.52,-0.43
2014-03-06,29.417,31.646,22.53,0.82,4.39,2.86
2014-03-07,35.167,31.848,22.39,0.85,0.0,2.64
2014-03-08,46.417,31.003,23.44,1.26,0.01,5.94
2014-03-09,29.75,31.582,25.48,1.63,0.0,7.25
2014-03-10,37.833,31.498,26.25,1.42,0.0,6.47
2014-03-11,36.167,31.444,26.63,1.36,0.0,6.56
2014-03-12,37.5,31.181,26.62,1.09,0.0,5.58
2014-03-13,32.25,31.415,26.27,1.23,0.0,4.03
2014-03-14,35.083,31.501,25.77,1.22,0.0,4.33
2014-03-15,36.75,31.851,25.89,1.45,0.0,6.78
2014-03-16,45.417,31.944,27.58,1.78,0.0,9.78
2014-03-17,49.167,31.712,30.93,1.97,0.0,8.56
2014-03-18,41.0,32.246,33.83,2.41,0.0,12.2
2014-03-19,51.5,31.878,35.26,1.72,0.0,10.11
2014-03-20,46.25,31.957,35.62,1.58,0.0,8.39
2014-03-21,49.333,31.758,35.66,1.64,0.13,7.95
2014-03-22,52.75,31.17,37.05,1.42,1.44,7.69
2014-03-23,50.167,30.919,36.9,0.86,3.71,1.77
2014-03-24,50.833,30.649,34.9,1.03,0.33,-1.26
2014-03-25,39.417,31.348,33.42,1.27,0.87,3.36
2014-03-26,54.583,30.665,31.98,1.02,1.92,-0.1
2014-03-27,49.0,30.679,30.44,1.14,0.69,0.01
2014-03-28,38.417,31.471,29.21,1.5,0.09,2.3
2014-03-29,43.417,31.812,28.2,1.48,0.01,3.68
2014-03-30,47.917,31.838,30.75,1.73,0.57,5.25
2014-03-31,47.083,31.812,33.7,1.01,10.82,3.93
2014-04-01,47.917,31.848,32.89,1.63,0.1,6.03
2014-04-02,47.75,31.874,38.56,1.75,0.04,7.13
2014-04-03,53.333,31.282,63.29,1.68,22.54,7.27
2014-04-04,25.25,31.479,65.22,0.88,13.86,3.9
2014-04-05,39.167,30.971,63.24,1.66,0.37,5.56
2014-04-06,41.75,31.499,52.67,2.1,0.17,7.87
2014-04-07,49.0,31.232,51.23,2.73,0.03,10.62
2014-04-08,38.583,32.053,52.02,2.82,0.06,12.3
2014-04-09,44.917,32.328,51.77,1.97,0.11,9.13
2014-04-10,44.75,32.488,52.1,2.81,0.0,11.28
2014-04-11,53.083,31.983,58.75,3.08,0.88,12.48
2014-04-12,53.667,31.48,63.12,2.1,4.5,9.6
2014-04-13,50.333,31.559,62.09,2.4,1.4,9.51
2014-04-14,53.75,31.212,60.95,2.45,0.02,10.02
2014-04-15,50.833,31.133,59.88,2.9,0.01,11.24
2014-04-16,48.333,31.165,58.93,3.04,0.01,12.14
2014-04-17,41.583,31.217,58.01,3.16,0.0,11.1
2014-04-18,47.75,31.213,57.0,3.01,0.0,10.04
2014-04-19,44.5,31.532,55.97,3.25,0.0,11.24
2014-04-20,40.583,32.138,55.2,2.53,3.4,9.52
2014-04-21,57.583,31.327,54.89,1.27,0.94,4.28
2014-04-22,52.25,31.093,54.67,2.0,7.26,6.42
2014-04-23,44.583,31.343,54.46,1.86,3.19,6.88
2014-04-24,50.417,31.319,55.03,2.76,1.22,9.17
2014-04-25,44.0,31.97,58.22,1.87,16.74,5.84
2014-04-26,44.417,31.998,59.45,1.96,0.45,4.74
2014-04-27,50.167,32.23,59.65,2.35,1.44,5.97
2014-04-28,62.083,31.355,59.38,2.54,0.08,5.47
2014-04-29,51.583,31.443,58.71,2.36,0.46,6.35
2014-04-30,47.417,31.812,57.82,2.92,0.4,9.2
2014-05-01,52.667,31.786,56.76,2.66,0.04,8.5
2014-05-02,58.833,31.232,55.57,2.68,0.32,8.48
2014-05-03,47.167,31.641,49.23,2.41,0.91,7.08
2014-05-04,61.0,31.177,43.3,2.7,0.04,6.37
2014-05-05,71.083,31.976,42.03,3.68,0.0,9.32
2014-05-06,59.833,31.418,41.57,3.88,0.0,11.66
2014-05-07,51.25,31.871,41.26,3.17,0.61,13.2
2014-05-08,98.333,32.205,40.84,2.97,0.0,12.68
2014-05-09,101.667,32.135,40.46,3.62,0.66,13.18
2014-05-10,97.083,32.008,39.71,3.81,0.01,14.34
2014-05-11,87.667,32.425,38.85,3.91,0.48,14.8
2014-05-12,95.25,32.326,37.29,1.99,0.02,9.3
2014-05-13,98.167,31.804,36.05,2.55,1.31,8.83
2014-05-14,97.75,31.348,34.44,2.35,0.09,5.25
2014-05-15,69.667,30.781,32.64,3.52,0.01,7.81
2014-05-16,35.25,31.912,31.1,3.64,0.0,8.33
2014-05-17,59.667,30.96,29.71,3.93,0.0,8.76
2014-05-18,59.167,31.145,28.5,3.83,0.0,9.94
2014-05-19,91.083,31.905,27.75,2.93,0.0,8.87
2014-05-20,59.333,31.258,28.48,3.48,2.18,11.47
2014-05-21,65.583,31.979,45.16,2.86,5.87,10.51
2014-05-22,95.833,31.854,43.66,2.61,7.47,8.25
2014-05-23,116.667,32.891,37.22,2.93,0.06,7.07
2014-05-24,117.917,31.667,35.9,2.55,2.15,5.3
2014-05-25,52.083,31.474,34.92,2.51,1.23,6.13
2014-05-26,63.167,32.133,40.22,2.59,11.26,7.23
2014-05-27,54.917,31.675,41.34,2.13,4.11,4.89
2014-05-28,64.833,32.262,42.71,3.07,0.04,7.97
2014-05-29,61.667,32.068,52.42,2.65,11.82,7.29
2014-05-30,47.25,32.142,52.45,2.55,1.89,7.28
2014-05-31,50.0,32.053,51.72,2.13,4.53,7.41
2014-06-01,51.0,31.875,50.65,2.75,0.36,8.86
2014-06-02,61.083,30.812,49.55,3.46,0.01,9.75
2014-06-03,50.75,30.694,42.54,3.45,0.01,10.37
2014-06-04,51.167,31.607,38.44,3.75,0.0,12.37
2014-06-05,85.5,31.475,37.43,3.13,1.85,11.33
2014-06-06,78.5,31.582,36.32,3.94,0.19,13.32
2014-06-07,64.417,32.119,34.76,4.14,0.03,16.1
2014-06-08,90.333,31.803,33.19,4.63,0.0,17.07
2014-06-09,84.833,32.06,31.75,5.49,0.0,18.92
2014-06-10,103.833,32.042,30.23,4.24,0.0,17.99
2014-06-11,89.917,31.807,30.42,4.59,0.0,17.12
2014-06-12,77.833,31.455,34.67,4.79,6.83,16.98
2014-06-13,76.583,31.662,40.04,4.07,2.94,16.31
2014-06-14,81.833,32.104,47.5,4.47,8.5,16.6
2014-06-15,69.75,31.933,39.2,3.8,2.47,13.42
2014-06-16,78.667,31.959,36.29,3.33,0.2,10.62
2014-06-17,84.5,31.788,34.48,3.51,0.37,11.66
2014-06-18,66.25,31.233,37.36,3.49,2.96,11.63
2014-06-19,45.25,31.449,54.67,3.63,15.49,11.39
2014-06-20,29.333,32.123,50.17,4.34,0.07,13.92
2014-06-21,63.917,31.204,41.1,5.22,0.08,17.97
2014-06-22,41.5,31.69,37.75,4.75,0.02,17.8
2014-06-23,47.25,31.682,38.09,4.34,0.23,17.49
2014-06-24,51.167,31.618,50.38,3.9,7.91,15.64
2014-06-25,67.833,31.897,60.57,2.96,24.1,12.64
2014-06-26,109.75,31.482,60.76,3.0,2.31,12.64
2014-06-27,101.5,31.003,60.58,3.11,6.19,12.21
2014-06-28,43.583,31.567,59.98,4.26,0.05,14.91
2014-06-29,69.5,31.315,59.12,4.26,2.87,15.18
2014-06-30,43.917,31.278,58.12,3.24,0.51,10.73
2014-07-01,63.167,31.517,57.1,4.39,0.0,13.3
2014-07-02,43.75,32.002,48.95,3.36,2.56,13.21
2014-07-03,52.25,31.641,52.96,3.25,2.76,13.19
2014-07-04,54.417,31.1,56.37,2.68,12.85,12.7
2014-07-05,48.333,31.078,55.8,3.23,0.69,13.47
2014-07-06,51.75,30.83,55.08,4.58,0.02,16.37
2014-07-07,48.0,30.919,55.81,3.72,11.39,14.46
2014-07-08,38.833,31.828,55.92,1.87,7.07,8.98
2014-07-09,58.0,31.127,55.71,3.72,0.1,12.38
2014-07-10,49.917,31.967,55.13,3.08,0.07,10.55
2014-07-11,78.25,30.692,54.25,3.72,0.0,12.31
2014-07-12,38.167,31.567,52.92,3.83,0.0,13.28
2014-07-13,50.25,31.366,44.24,3.34,0.02,12.11
2014-07-14,43.083,31.819,41.54,4.11,1.61,15.05
2014-07-15,54.167,31.282,39.46,3.85,0.04,15.68
2014-07-16,45.583,31.492,37.45,4.75,0.03,18.34
2014-07-17,50.167,31.178,35.61,4.93,0.92,19.99
2014-07-18,31.75,32.323,33.61,5.26,0.0,20.98
2014-07-19,50.333,31.8,33.04,4.63,2.91,19.49
2014-07-20,42.5,31.716,33.3,3.84,1.38,16.57
2014-07-21,37.0,32.008,34.07,3.4,3.7,13.62
2014-07-22,,32.026,32.67,3.51,0.12,13.25
2014-07-23,49.167,31.33,30.79,4.66,0.0,15.83
2014-07-24,40.417,31.412,29.12,4.86,0.0,17.84
2014-07-25,44.667,31.108,31.82,4.53,5.37,18.16
2014-07-26,41.0,31.183,36.32,2.92,7.18,15.01
2014-07-27,40.75,31.108,34.59,4.45,0.04,17.97
2014-07-28,38.167,31.19,35.86,4.01,0.01,17.69
2014-07-29,39.833,31.221,37.7,1.99,6.72,11.63
2014-07-30,39.167,31.486,35.32,3.16,0.51,12.27
2014-07-31,50.083,30.724,33.17,3.8,0.04,15.52
2014-08-01,29.25,31.374,31.63,4.07,0.11,17.16
2014-08-02,32.417,31.962,34.88,3.65,7.87,15.99
2014-08-03,37.083,31.857,38.16,3.0,8.16,13.33
2014-08-04,38.0,31.707,36.27,3.85,0.08,15.69
2014-08-05,38.5,31.547,40.14,3.17,6.5,16.13
2014-08-06,44.25,31.369,37.68,3.24,0.06,15.87
2014-08-07,46.333,30.942,34.89,3.78,0.09,17.38
2014-08-08,39.0,31.211,33.33,3.64,0.44,17.65
2014-08-09,38.167,31.487,37.19,3.71,4.61,17.24
2014-08-10,30.75,31.897,34.03,3.21,0.19,16.71
2014-08-11,49.0,30.755,31.89,4.3,0.01,19.31
2014-08-12,37.5,30.78,30.86,2.98,0.02,16.93
2014-08-13,33.333,31.621,53.13,2.8,18.43,15.95
2014-08-14,47.833,31.168,56.8,2.93,0.06,12.11
2014-08-15,44.667,31.008,44.58,2.96,0.03,11.88
2014-08-16,30.75,31.962,39.9,3.15,0.02,12.53
2014-08-17,39.5,31.813,36.97,2.83,0.01,11.62
2014-08-18,44.583,31.18,35.96,3.66,0.02,15.15
2014-08-19,38.833,31.147,47.97,3.89,9.86,15.87
2014-08-20,27.833,31.956,64.53,2.87,15.07,14.72
2014-08-21,47.333,31.467,64.86,1.88,13.35,12.09
2014-08-22,40.167,31.445,66.64,2.38,1.33,13.54
2014-08-23,42.583,31.467,67.59,2.03,24.56,11.85
2014-08-24,47.5,31.108,67.58,2.49,0.07,12.66
2014-08-25,31.0,31.26,67.57,3.19,0.0,14.93
2014-08-26,32.0,32.038,67.57,3.66,0.0,17.44
2014-08-27,43.5,32.076,67.4,3.69,0.13,18.4
2014-08-28,48.75,31.567,62.96,3.21,0.16,17.62
2014-08-29,45.167,31.377,62.36,3.66,5.43,17.2
2014-08-30,35.833,32.01,62.67,2.56,0.23,16.41
2014-08-31,34.167,32.11,64.35,2.52,5.68,15.4
2014-09-01,36.667,31.961,60.69,2.86,0.29,16.53
2014-09-02,43.917,31.535,56.49,3.55,0.01,17.49
2014-09-03,43.75,31.529,46.55,3.79,0.0,17.24
2014-09-04,51.25,30.877,49.55,3.32,0.06,17.38
2014-09-05,43.417,31.055,63.6,2.41,11.54,15.44
2014-09-06,47.667,30.903,60.74,2.52,0.04,15.68
2014-09-07,44.167,31.04,55.08,2.68,0.77,17.32
2014-09-08,46.083,31.002,49.93,2.59,7.93,16.55
2014-09-09,47.0,30.58,48.01,2.41,2.13,15.28
2014-09-10,46.833,30.603,45.7,2.29,0.38,14.89
2014-09-11,45.417,30.834,43.91,2.85,1.18,16.94
2014-09-12,49.083,30.603,41.65,2.58,0.15,16.93
2014-09-13,38.833,31.258,39.56,2.5,0.4,16.0
2014-09-14,37.5,31.902,47.65,2.34,0.1,16.11
2014-09-15,43.0,30.858,63.33,1.99,16.09,13.79
2014-09-16,42.667,31.127,55.79,2.04,1.45,13.34
2014-09-17,37.417,30.771,63.28,2.06,9.73,14.71
2014-09-18,19.083,30.972,54.23,1.92,0.09,14.67
2014-09-19,10.083,31.849,52.94,1.84,6.75,13.99
2014-09-20,23.0,31.664,50.99,1.83,1.31,13.67
2014-09-21,35.0,32.114,47.94,1.86,0.0,14.49
2014-09-22,45.583,31.658,46.35,1.72,1.32,13.79
2014-09-23,41.167,30.954,44.93,1.28,1.48,11.2
2014-09-24,41.833,30.734,43.59,1.34,1.82,11.04
2014-09-25,29.833,31.448,41.54,1.26,0.87,8.98
2014-09-26,39.667,31.499,39.21,1.42,0.01,9.48
2014-09-27,46.75,31.202,36.98,1.78,0.0,11.09
2014-09-28,45.0,31.621,36.41,1.74,0.0,12.03
2014-09-29,55.417,31.206,40.28,1.2,9.64,11.14
2014-09-30,48.75,31.378,38.89,1.39,0.39,12.84
2014-10-01,44.662,31.339,37.29,1.14,0.99,11.31
2014-10-02,27.917,31.316,35.34,1.29,0.04,12.61
2014-10-03,7.75,32.269,33.38,1.34,0.03,12.49
2014-10-04,36.331,31.176,31.78,1.28,0.06,12.59
2014-10-05,17.414,31.353,33.61,1.35,4.8,13.09
2014-10-06,11.995,31.318,32.5,1.03,0.04,10.07
2014-10-07,21.998,30.656,30.56,1.14,0.03,11.05
2014-10-08,10.828,30.843,28.81,1.1,0.0,11.46
2014-10-09,8.993,31.016,27.76,1.48,0.01,13.68
2014-10-10,9.993,31.367,32.63,1.12,7.74,12.59
2014-10-11,19.411,30.962,35.38,0.95,4.59,10.34
2014-10-12,2.325,31.768,56.79,1.01,9.49,12.19
2014-10-13,7.078,31.954,61.91,0.87,14.78,9.75
2014-10-14,19.494,31.731,50.43,0.79,0.36,8.67
2014-10-15,22.917,31.244,46.18,0.75,0.0,7.7
2014-10-16,1.25,31.783,43.33,0.77,0.03,9.85
2014-10-17,13.75,31.209,40.8,0.85,0.01,12.24
2014-10-18,0.0,31.768,38.44,0.97,0.0,12.96
2014-10-19,0.083,31.985,36.26,1.23,0.0,14.56
2014-10-20,2.495,32.093,34.24,1.14,0.0,15.72
2014-10-21,18.244,31.449,32.36,1.04,0.0,15.25
2014-10-22,9.333,31.248,30.58,0.95,0.0,13.02
2014-10-23,2.325,31.557,28.9,0.66,0.0,9.67
2014-10-24,5.745,31.551,27.3,0.81,0.0,12.59
2014-10-25,2.748,31.808,25.8,0.76,0.0,13.59
2014-10-26,0.0,32.143,24.4,0.69,0.01,13.6
2014-10-27,1.75,32.289,23.08,0.52,0.0,11.43
2014-10-28,19.245,31.096,21.82,0.43,0.0,9.88
2014-10-29,0.0,31.481,20.65,0.39,0.07,9.09
2014-10-30,0.0,32.476,19.53,0.42,0.03,10.6
2014-10-31,0.666,31.192,18.46,0.5,0.0,11.95
2014-11-01,7.581,30.893,17.42,0.53,0.0,11.41
2014-11-02,3.081,30.918,16.55,0.4,0.01,10.7
2014-11-03,3.993,30.888,19.67,0.3,4.77,9.48
2014-11-04,4.577,30.812,52.01,0.28,22.09,6.02
2014-11-05,10.079,30.308,42.06,0.4,6.21,2.72
2014-11-06,0.0,30.628,35.86,0.2,1.1,1.97
2014-11-07,0.0,30.848,33.04,0.25,0.03,3.03
2014-11-08,0.5,31.025,31.62,0.33,0.07,6.17
2014-11-09,5.495,30.882,30.38,0.18,0.01,3.8
2014-11-10,0.999,31.072,29.39,0.3,2.51,1.19
2014-11-11,11.491,30.41,28.29,0.31,0.02,2.79
2014-11-12,5.495,30.203,27.38,0.29,1.73,1.46
2014-11-13,0.083,30.34,26.08,0.18,0.09,3.62
2014-11-14,0.912,30.36,37.34,0.45,0.05,7.38
2014-11-15,0.0,30.608,43.82,0.33,15.29,4.98
2014-11-16,0.0,30.948,36.98,0.05,0.97,2.03
2014-11-17,0.417,31.268,34.45,0.11,1.86,1.95
2014-11-18,5.25,31.353,32.68,0.13,0.43,1.27
2014-11-19,7.664,31.413,31.04,0.18,0.03,2.99
2014-11-20,4.327,31.767,30.27,0.59,0.01,7.56
2014-11-21,7.998,31.631,29.74,0.47,0.03,9.16
2014-11-22,8.498,31.732,29.06,0.51,0.01,10.15
2014-11-23,13.16,31.553,28.51,0.49,0.0,10.91
2014-11-24,4.66,31.82,27.77,0.63,0.29,9.54
2014-11-25,11.825,31.948,28.56,0.28,1.23,8.69
2014-11-26,10.166,32.168,32.49,0.21,4.89,5.96
2014-11-27,11.991,32.375,33.76,0.25,7.18,4.04
2014-11-28,12.741,32.415,58.85,0.19,15.65,4.91
2014-11-29,21.579,32.227,64.27,0.16,7.33,5.59
2014-11-30,28.165,31.944,67.7,0.24,24.51,5.55
2014-12-01,30.666,31.662,67.63,0.28,11.07,6.15
2014-12-02,38.998,31.677,67.63,0.49,0.06,3.66
2014-12-03,50.166,31.492,67.63,0.24,0.01,3.1
2014-12-04,51.491,31.08,67.64,0.21,0.15,2.11
2014-12-05,45.828,31.213,58.36,0.16,0.37,0.27
2014-12-06,44.494,31.447,51.21,0.19,0.08,1.12
2014-12-07,50.166,31.152,48.37,0.28,0.1,-1.57
2014-12-08,49.742,30.888,45.86,0.42,0.09,0.49
2014-12-09,27.333,32.555,43.73,0.12,2.78,0.29
2014-12-10,52.248,31.851,41.45,0.41,0.57,-3.42
2014-12-11,43.91,31.975,39.69,0.37,0.71,2.71
2014-12-12,42.248,32.063,37.91,0.23,0.05,2.78
2014-12-13,34.743,32.366,35.96,0.4,0.02,3.23
2014-12-14,42.581,31.611,34.22,0.36,0.0,3.19
2014-12-15,37.664,31.101,33.2,0.23,1.47,4.2
2014-12-16,34.743,31.433,31.66,0.22,0.15,1.58
2014-12-17,42.664,31.378,31.31,0.18,3.64,3.41
2014-12-18,39.243,31.654,31.2,0.28,1.51,5.74
2014-12-19,40.992,31.298,30.8,0.26,0.13,7.41
2014-12-20,31.667,31.676,29.68,0.31,0.06,6.64
2014-12-21,49.666,31.173,28.34,0.3,0.05,4.97
2014-12-22,43.995,31.109,27.19,0.48,0.03,6.57
2014-12-23,25.408,32.388,26.17,0.62,0.01,7.48
2014-12-24,61.331,30.832,24.93,0.5,0.03,5.3
2014-12-25,42.248,30.872,23.56,0.41,0.0,2.49
2014-12-26,34.494,30.989,22.31,0.36,0.06,3.88
2014-12-27,39.083,30.745,21.19,0.29,0.05,3.01
2014-12-28,28.244,30.652,20.43,0.15,4.65,-0.48
2014-12-29,21.916,31.417,19.27,0.22,0.18,-4.73
2014-12-30,41.748,31.214,18.23,0.59,0.02,-3.34
2014-12-31,29.415,31.774,17.46,0.48,0.09,0.07
2015-01-01,44.25,31.364,17.0,0.44,0.02,2.45
2015-01-02,36.162,31.17,16.6,0.63,0.04,4.4
2015-01-03,37.914,30.97,16.31,0.61,0.03,6.64
2015-01-04,37.408,31.173,16.32,0.62,0.0,8.28
2015-01-05,41.908,30.98,15.78,0.5,0.0,6.55
2015-01-06,41.078,30.98,14.98,0.62,0.0,4.67
2015-01-07,42.575,30.942,14.2,0.44,0.0,2.96
2015-01-08,48.41,30.553,13.39,0.34,0.0,1.98
2015-01-09,42.492,30.907,12.76,0.49,0.01,3.8
2015-01-10,47.831,30.773,12.82,0.81,0.0,8.57
2015-01-11,45.162,30.899,12.96,0.6,0.01,8.23
2015-01-12,35.329,30.657,12.31,0.36,0.25,3.48
2015-01-13,26.998,30.571,11.71,0.65,0.0,4.78
2015-01-14,17.912,31.108,11.12,0.49,0.0,3.06
2015-01-15,38.16,30.872,10.6,0.3,0.0,2.21
2015-01-16,28.91,31.005,12.76,0.56,3.13,3.67
2015-01-17,28.248,30.965,13.15,0.24,6.4,-1.67
2015-01-18,30.412,31.125,12.37,0.23,0.4,-2.37
2015-01-19,24.743,31.055,11.66,0.22,0.08,-2.3
2015-01-20,33.331,30.893,11.01,0.22,0.18,-2.58
2015-01-21,36.325,30.925,10.71,0.23,0.07,-3.53
2015-01-22,28.244,31.049,10.65,0.14,0.07,-3.22
2015-01-23,20.25,31.807,10.58,0.26,0.09,-1.63
2015-01-24,22.914,31.731,10.55,0.46,0.04,-0.21
2015-01-25,21.491,31.175,10.5,0.44,0.26,-0.02
2015-01-26,17.495,30.995,10.49,0.77,0.03,0.39
2015-01-27,33.16,30.83,10.46,0.49,0.01,2.31
2015-01-28,22.91,30.922,10.45,0.4,0.07,1.68
2015-01-29,13.245,31.861,10.43,0.25,0.03,2.85
2015-01-30,37.331,31.027,10.57,0.25,8.17,2.41
2015-01-31,27.5,30.296,10.48,0.25,6.3,-2.22
2015-02-01,0.916,31.084,10.45,0.18,2.68,-2.75
2015-02-02,11.412,30.654,10.43,0.24,1.53,-5.75
2015-02-03,16.662,31.477,10.48,0.16,0.61,-3.05
2015-02-04,23.826,31.55,10.43,0.29,0.68,-5.33
2015-02-05,22.075,31.443,10.39,0.37,0.07,-5.84
2015-02-06,22.914,31.477,10.38,0.42,0.02,-7.36
2015-02-07,22.408,31.543,10.38,0.38,0.07,-5.41
2015-02-08,25.324,31.337,10.36,0.35,0.33,-1.97
2015-02-09,7.492,31.232,10.36,0.44,0.27,0.73
2015-02-10,13.581,31.682,10.34,0.38,0.59,1.2
2015-02-11,20.333,31.554,10.33,0.46,0.41,3.18
2015-02-12,23.743,31.15,10.32,0.35,0.0,1.58
2015-02-13,19.995,31.123,10.32,0.32,0.19,0.14
2015-02-14,9.743,31.991,10.32,0.28,0.11,0.89
2015-02-15,18.165,31.514,10.31,0.37,0.76,0.68
2015-02-16,19.749,31.02,10.3,0.47,1.15,1.19
2015-02-17,16.741,31.099,10.29,0.47,0.16,2.37
2015-02-18,13.576,30.763,10.29,0.55,0.28,1.19
2015-02-19,9.993,30.828,10.29,0.57,0.01,2.31
2015-02-20,20.912,31.168,10.29,0.53,0.0,2.25
2015-02-21,19.666,31.58,10.46,0.62,0.52,2.01
2015-02-22,15.912,31.447,10.37,0.45,1.79,-1.93
2015-02-23,14.416,31.237,10.38,0.71,0.76,-0.68
2015-02-24,8.582,31.799,10.79,0.55,3.66,2.23
2015-02-25,16.166,32.265,10.45,0.49,3.43,-2.93
2015-02-26,27.91,31.458,11.73,0.69,14.65,0.72
2015-02-27,16.579,31.639,13.21,0.69,3.74,2.98
2015-02-28,21.664,31.422,12.65,0.66,0.25,-1.87
2015-03-01,6.741,31.552,13.55,0.74,1.11,4.3
2015-03-02,5.076,31.506,16.41,0.85,0.53,7.23
2015-03-03,18.908,31.857,19.42,0.93,0.03,7.87
2015-03-04,39.749,31.411,20.96,0.88,0.04,7.08
2015-03-05,37.075,31.783,20.02,0.64,1.69,-0.63
2015-03-06,39.331,32.065,19.65,1.57,0.19,2.49
2015-03-07,53.41,31.099,21.41,1.25,0.0,7.55
2015-03-08,46.075,30.824,23.35,1.56,0.0,9.62
2015-03-09,37.162,31.489,24.32,1.3,0.0,7.46
2015-03-10,49.0,31.078,25.3,1.29,0.0,8.43
2015-03-11,39.081,31.447,26.22,1.38,0.0,9.02
2015-03-12,50.079,30.882,27.26,1.67,0.0,10.31
2015-03-13,40.417,31.115,27.63,1.63,0.0,8.43
2015-03-14,44.25,31.003,26.65,0.94,0.6,2.9
2015-03-15,37.328,31.524,25.22,0.8,0.69,-0.83
2015-03-16,50.324,30.892,23.93,0.84,0.29,-0.98
2015-03-17,32.908,31.908,22.85,0.89,0.21,-0.09
2015-03-18,43.248,31.984,22.24,1.39,0.08,3.68
2015-03-19,45.245,31.864,21.59,1.19,0.0,4.73
2015-03-20,38.075,32.406,21.78,1.5,0.0,8.44
2015-03-21,48.416,31.772,21.91,1.26,0.19,7.29
2015-03-22,30.412,31.396,24.77,1.04,2.68,4.33
2015-03-23,24.91,31.859,28.31,0.95,12.41,2.85
2015-03-24,35.417,31.353,30.18,1.08,2.47,2.85
2015-03-25,39.083,30.779,31.47,0.91,7.83,1.96
2015-03-26,29.576,31.325,29.4,1.05,0.23,-1.15
2015-03-27,36.329,31.383,28.91,1.7,0.35,5.12
2015-03-28,40.25,31.351,29.41,1.91,0.4,8.5
2015-03-29,41.498,30.711,29.94,1.86,0.26,8.91
2015-03-30,25.0,30.863,30.23,2.01,0.0,10.11
2015-03-31,26.083,31.264,31.08,2.06,0.09,11.38
2015-04-01,38.664,31.75,30.98,2.73,0.01,10.78
2015-04-02,46.495,31.717,29.72,2.01,0.01,7.39
2015-04-03,51.408,31.36,29.14,2.63,0.0,9.23
2015-04-04,45.083,31.467,28.37,2.3,0.0,8.18
2015-04-05,45.912,31.448,27.09,1.96,0.01,6.6
2015-04-06,45.333,31.504,25.9,1.79,0.01,5.87
2015-04-07,47.827,31.231,24.92,2.2,0.0,6.15
2015-04-08,35.333,31.334,23.87,2.12,0.0,5.52
2015-04-09,39.16,31.16,23.14,2.62,0.0,6.89
2015-04-10,41.162,31.165,22.57,2.85,0.0,6.99
2015-04-11,43.081,31.233,21.72,2.17,0.0,6.62
2015-04-12,43.743,31.413,21.2,2.17,0.06,8.67
2015-04-13,41.412,31.78,20.99,2.46,0.08,9.23
2015-04-14,46.828,31.703,21.42,3.2,0.38,11.21
2015-04-15,55.079,30.867,21.78,3.62,0.01,11.78
2015-04-16,44.749,30.983,32.43,2.66,0.41,11.26
2015-04-17,41.991,31.298,35.08,1.76,10.47,6.84
2015-04-18,41.491,30.768,34.32,2.01,2.15,8.12
2015-04-19,37.078,31.154,40.98,2.23,10.13,7.45
2015-04-20,47.91,30.827,40.16,1.73,6.08,5.43
2015-04-21,35.995,31.614,39.17,2.51,0.74,7.54
2015-04-22,36.911,32.19,38.06,3.29,0.0,10.39
2015-04-23,47.658,31.905,36.36,1.99,0.09,8.01
2015-04-24,54.333,31.188,34.97,2.27,0.19,8.6
2015-04-25,46.242,31.219,34.99,3.25,0.5,11.39
2015-04-26,37.664,31.867,38.55,2.4,2.31,9.79
2015-04-27,34.577,31.804,40.51,1.77,7.87,6.22
2015-04-28,41.162,31.402,38.94,1.56,2.38,4.89
2015-04-29,42.914,31.33,37.47,2.9,0.01,6.82
2015-04-30,41.991,31.448,36.45,2.02,1.52,5.74
2015-05-01,42.658,31.487,35.37,2.99,0.03,9.56
2015-05-02,49.167,31.046,34.65,2.51,0.21,10.91
2015-05-03,40.916,31.387,34.28,3.2,0.18,13.56
2015-05-04,49.828,30.861,34.9,2.93,0.9,14.17
2015-05-05,37.991,31.508,35.39,3.23,1.43,15.5
2015-05-06,49.077,31.227,33.82,2.29,0.02,10.6
2015-05-07,49.167,30.887,32.26,2.96,0.0,10.14
2015-05-08,40.0,31.216,31.68,4.11,0.87,12.76
2015-05-09,40.333,31.498,30.71,3.08,0.22,11.54
2015-05-10,43.91,31.467,29.57,3.8,0.0,14.29
2015-05-11,43.831,31.366,28.55,4.64,0.0,15.96
2015-05-12,51.498,30.547,27.35,4.79,0.0,16.79
2015-05-13,35.25,30.54,26.19,5.25,0.0,18.71
2015-05-14,37.581,30.824,25.0,4.44,0.0,20.76
2015-05-15,33.081,31.587,23.79,3.68,0.0,13.89
2015-05-16,35.076,32.131,22.96,2.7,1.16,6.57
2015-05-17,45.575,31.242,22.17,3.36,0.0,11.06
2015-05-18,31.166,30.997,20.97,3.83,0.0,13.38
2015-05-19,42.243,30.63,30.02,4.5,1.85,14.14
2015-05-20,25.581,31.735,32.96,1.15,14.8,4.73
2015-05-21,50.577,30.664,29.73,2.36,0.36,5.21
2015-05-22,13.498,31.598,27.84,2.86,0.07,5.52
2015-05-23,17.66,31.726,26.47,3.26,0.27,7.37
2015-05-24,3.248,32.102,25.31,2.65,0.12,7.89
2015-05-25,6.995,31.897,24.25,2.63,0.02,9.21
2015-05-26,18.331,31.847,23.02,2.57,0.02,9.84
2015-05-27,21.491,31.596,21.79,3.31,0.01,10.47
2015-05-28,16.245,31.654,20.59,4.1,0.0,12.0
2015-05-29,19.243,31.575,23.26,4.65,0.0,13.39
2015-05-30,20.992,31.427,30.22,3.66,9.58,13.17
2015-05-31,9.749,31.623,27.38,3.29,1.15,11.89
2015-06-01,7.824,31.693,26.05,3.74,1.76,12.64
2015-06-02,18.158,31.98,24.37,3.55,0.05,13.74
2015-06-03,31.162,31.039,22.98,4.2,0.05,16.1
2015-06-04,32.331,30.428,21.65,4.44,0.03,16.29
2015-06-05,25.25,31.096,20.37,4.48,0.0,16.35
2015-06-06,27.748,31.447,19.58,4.63,0.09,16.85
2015-06-07,25.833,32.103,22.58,4.24,2.28,16.41
2015-06-08,34.583,31.254,25.21,4.18,1.55,16.78
2015-06-09,31.25,31.16,34.74,3.33,5.2,14.94
2015-06-10,45.25,30.832,54.41,3.58,16.06,14.03
2015-06-11,47.248,30.903,43.49,2.61,5.5,12.05
2015-06-12,39.16,31.395,41.63,3.13,5.19,12.93
2015-06-13,41.661,31.54,41.87,3.55,1.33,13.31
2015-06-14,48.41,31.32,52.67,2.61,11.44,11.37
2015-06-15,41.825,31.345,52.76,3.15,2.53,11.25
2015-06-16,40.083,31.633,51.76,2.56,3.36,10.83
2015-06-17,41.078,31.78,50.58,2.54,1.61,11.59
2015-06-18,42.575,31.752,44.79,3.47,0.03,11.93
2015-06-19,48.41,31.476,38.98,4.62,0.01,14.75
2015-06-20,42.492,31.847,36.66,3.98,0.0,14.58
2015-06-21,48.498,31.524,34.52,4.82,0.0,15.36
2015-06-22,52.743,30.835,33.35,5.19,0.0,16.62
2015-06-23,39.66,31.22,41.33,5.29,10.6,16.95
2015-06-24,47.325,31.179,39.99,2.91,2.64,13.53
2015-06-25,49.995,30.756,38.37,4.19,1.43,14.97
2015-06-26,39.41,31.035,35.97,5.05,0.02,16.65
2015-06-27,43.91,30.97,33.84,5.83,0.0,19.43
2015-06-28,42.831,30.839,31.89,4.77,0.0,19.74
2015-06-29,40.828,30.612,30.05,6.0,0.0,20.83
2015-06-30,38.41,30.704,28.38,5.79,0.0,21.53
2015-07-01,33.492,31.331,26.83,5.92,0.0,22.27
2015-07-02,48.75,30.534,25.44,5.85,0.0,21.33
2015-07-03,36.083,31.304,23.99,4.05,0.0,19.39
2015-07-04,47.581,30.787,22.56,5.65,0.0,20.89
2015-07-05,42.081,30.699,21.31,5.22,0.0,22.13
2015-07-06,32.908,31.317,20.08,5.1,0.0,23.04
2015-07-07,42.748,30.934,18.9,5.92,0.0,23.77
2015-07-08,39.333,30.814,17.9,5.77,0.0,23.42
2015-07-09,31.325,31.482,16.96,3.86,0.0,18.59
2015-07-10,25.076,32.28,15.93,5.26,0.0,19.06
2015-07-11,37.325,32.203,15.05,6.37,0.0,21.75
2015-07-12,40.162,31.365,14.3,4.38,0.0,20.41
2015-07-13,31.828,31.441,13.46,4.46,0.0,20.05
2015-07-14,39.912,30.46,12.66,5.38,0.0,21.24
2015-07-15,27.664,30.445,11.96,5.77,0.0,21.84
2015-07-16,22.41,30.382,11.24,5.45,0.0,21.97
2015-07-17,6.583,31.502,12.79,5.61,3.49,21.72
2015-07-18,21.994,31.543,14.71,5.44,3.16,22.02
2015-07-19,0.333,31.7,15.66,5.37,1.8,19.87
2015-07-20,6.41,31.794,15.25,5.16,0.01,19.84
2015-07-21,32.331,31.646,30.84,5.54,0.08,20.86
2015-07-22,24.833,31.964,58.69,4.79,23.53,20.01
2015-07-23,24.331,32.244,51.07,4.58,10.6,18.19
2015-07-24,37.077,31.208,37.61,4.78,0.56,19.53
2015-07-25,14.662,31.433,34.76,4.59,1.65,19.17
2015-07-26,0.0,31.713,32.4,3.85,0.0,15.68
2015-07-27,3.166,31.897,30.22,4.9,0.0,19.09
2015-07-28,36.581,31.141,28.4,4.64,0.0,17.99
2015-07-29,21.745,31.549,26.85,4.91,0.0,18.71
2015-07-30,28.666,31.121,48.7,4.29,6.64,19.19
2015-07-31,14.077,31.381,78.37,1.96,29.97,12.81
2015-08-01,15.583,31.646,105.97,2.32,33.58,12.59
2015-08-02,22.741,30.807,77.27,2.96,0.05,13.6
2015-08-03,28.912,30.619,70.18,4.95,0.0,18.3
2015-08-04,8.662,31.311,73.88,5.07,11.23,20.11
2015-08-05,36.247,30.617,69.77,4.4,0.32,18.92
2015-08-06,17.824,31.37,67.55,4.92,0.01,20.58
2015-08-07,27.741,31.529,67.55,5.12,0.0,22.22
2015-08-08,35.329,30.86,67.64,4.85,0.14,22.29
2015-08-09,27.248,30.923,67.58,1.83,13.44,14.3
2015-08-10,19.993,31.617,67.56,3.09,0.42,13.6
2015-08-11,31.662,31.532,66.56,4.66,0.0,17.03
2015-08-12,38.077,30.933,63.9,5.04,0.0,19.77
2015-08-13,28.165,31.482,63.72,4.52,1.11,20.05
2015-08-14,30.833,32.272,63.66,3.21,7.62,15.28
2015-08-15,39.333,32.17,64.3,2.83,2.97,12.4
2015-08-16,31.574,32.055,63.95,2.24,3.92,10.56
2015-08-17,27.991,31.953,63.85,4.0,0.44,13.78
2015-08-18,39.243,31.399,64.87,2.77,12.14,13.81
2015-08-19,42.075,30.953,64.21,2.19,2.94,11.73
2015-08-20,43.248,30.959,63.98,3.19,0.3,14.04
2015-08-21,44.912,30.805,62.41,4.18,0.0,16.84
2015-08-22,33.998,31.612,62.87,4.46,3.25,18.57
2015-08-23,45.417,31.364,63.73,2.8,6.77,15.1
2015-08-24,47.666,30.875,55.78,2.57,0.15,14.66
2015-08-25,21.908,31.047,48.98,2.45,0.02,11.69
2015-08-26,21.162,31.137,46.02,3.97,0.0,14.55
2015-08-27,22.914,31.233,43.37,4.06,0.0,17.18
2015-08-28,22.492,31.337,40.87,4.1,0.0,18.33
2015-08-29,26.915,30.923,38.58,4.4,0.0,19.3
2015-08-30,15.083,31.662,36.44,4.05,0.0,18.73
2015-08-31,17.662,32.015,34.75,3.97,0.0,18.42
2015-09-01,33.745,30.965,36.91,3.38,5.74,17.39
2015-09-02,10.41,32.104,38.17,2.73,2.36,14.38
2015-09-03,26.078,31.948,61.33,2.24,17.32,13.29
2015-09-04,28.492,32.024,67.06,1.91,8.88,11.49
2015-09-05,42.416,30.738,65.49,1.24,12.17,7.75
2015-09-06,15.577,31.758,61.96,2.06,0.1,9.96
2015-09-07,31.831,31.242,51.51,2.68,0.03,11.23
2015-09-08,19.16,31.823,47.84,2.25,0.02,12.48
2015-09-09,22.162,31.905,44.99,2.54,0.01,12.0
2015-09-10,34.167,31.196,45.51,2.82,2.88,13.49
2015-09-11,24.167,31.337,47.0,1.71,6.05,10.75
2015-09-12,16.75,32.113,46.31,2.19,2.61,13.35
2015-09-13,34.662,31.426,48.54,1.83,5.88,12.48
2015-09-14,20.5,31.908,46.49,1.97,0.18,12.07
2015-09-15,26.245,31.647,43.95,1.74,0.94,10.6
2015-09-16,29.16,31.449,42.19,1.74,1.08,11.77
2015-09-17,29.745,30.91,52.52,1.99,8.15,12.86
2015-09-18,16.162,31.166,46.39,1.98,0.6,9.92
2015-09-19,18.914,31.522,42.97,2.1,0.01,9.93
2015-09-20,28.409,31.108,40.39,2.21,0.0,10.61
2015-09-21,21.908,31.208,38.05,2.64,0.0,12.6
2015-09-22,21.162,31.412,35.93,2.68,0.0,13.46
2015-09-23,23.165,31.422,33.98,2.05,0.07,11.59
2015-09-24,25.333,31.177,32.15,1.76,0.04,8.81
2015-09-25,28.244,30.723,30.34,2.37,0.0,12.92
2015-09-26,19.749,31.021,28.81,2.4,0.0,12.89
2015-09-27,16.991,31.512,28.4,2.09,1.01,12.33
2015-09-28,17.824,31.944,28.74,1.46,3.04,10.36
2015-09-29,27.492,31.588,27.54,1.83,0.01,10.49
2015-09-30,31.664,30.846,27.14,1.26,2.53,9.6
2015-10-01,16.991,31.396,31.91,1.08,0.14,8.84
2015-10-02,17.242,31.923,36.12,1.13,7.19,9.35
2015-10-03,20.999,32.123,32.81,1.14,5.17,9.21
2015-10-04,31.242,31.51,32.07,1.25,0.29,8.7
2015-10-05,22.497,31.667,30.98,1.14,0.66,10.74
2015-10-06,17.325,32.198,31.08,1.2,2.76,12.57
2015-10-07,21.911,32.335,30.15,1.23,1.08,10.66
2015-10-08,31.991,31.559,28.72,1.05,0.11,8.95
2015-10-09,30.992,30.915,27.1,1.09,0.0,8.66
2015-10-10,20.083,31.208,25.57,1.27,0.0,9.07
2015-10-11,21.162,31.41,24.18,1.3,0.0,9.54
2015-10-12,23.081,31.405,24.15,1.17,0.59,12.35
2015-10-13,23.826,31.363,29.03,0.91,9.15,10.11
2015-10-14,22.075,31.502,29.69,0.77,2.3,7.92
2015-10-15,23.831,31.461,28.07,0.74,0.05,5.55
2015-10-16,31.664,30.752,26.35,0.85,0.0,4.24
2015-10-17,17.325,31.342,24.82,0.94,0.0,6.28
2015-10-18,21.911,31.529,23.62,1.02,0.49,9.35
2015-10-19,30.825,30.906,22.65,0.71,0.13,9.1
2015-10-20,18.914,31.377,21.41,0.73,0.0,10.34
2015-10-21,28.16,31.053,20.21,0.65,0.0,8.33
2015-10-22,19.659,31.53,19.09,0.7,0.0,5.35
2015-10-23,27.325,31.492,18.04,0.76,0.01,8.81
2015-10-24,30.745,31.055,17.05,1.07,0.0,12.96
2015-10-25,28.747,30.796,16.15,0.64,0.0,9.44
2015-10-26,35.825,29.619,15.32,0.59,0.0,10.46
2015-10-27,21.082,28.105,17.29,0.56,1.54,8.83
2015-10-28,0.0,28.52,27.11,0.5,11.69,7.13
2015-10-29,0.0,28.891,24.75,0.34,0.51,4.11
2015-10-30,0.0,29.375,22.73,0.38,0.08,8.35
2015-10-31,0.0,29.808,21.24,0.58,0.0,9.55
2015-11-01,0.0,30.375,19.92,0.51,0.0,9.08
2015-11-02,0.0,30.829,80.61,0.59,0.13,8.52
2015-11-03,0.0,31.647,164.86,0.49,54.27,6.53
2015-11-04,0.0,32.319,71.7,0.33,0.8,6.1
2015-11-05,0.0,32.771,67.61,0.3,0.01,7.84
2015-11-06,0.166,33.016,67.61,0.36,0.01,10.07
2015-11-07,2.325,33.185,67.61,0.41,0.01,11.95
2015-11-08,5.828,33.13,61.79,0.47,0.0,12.77
2015-11-09,3.91,33.133,55.77,0.4,0.01,11.97
2015-11-10,3.081,33.16,52.86,0.3,0.03,11.99
2015-11-11,3.993,33.16,50.13,0.4,0.03,12.56
2015-11-12,3.993,33.16,47.49,0.52,0.0,12.54
2015-11-13,4.826,33.084,44.39,0.48,0.02,11.22
2015-11-14,12.827,32.286,36.36,0.3,0.0,8.79
2015-11-15,0.0,32.718,33.71,0.34,0.02,9.18
2015-11-16,1.249,33.087,31.84,0.43,0.0,9.57
2015-11-17,14.573,32.589,30.1,0.45,0.01,8.86
2015-11-18,9.333,32.26,28.45,0.47,0.01,9.04
2015-11-19,2.741,32.328,26.9,0.39,0.0,9.57
2015-11-20,10.079,31.893,25.42,0.32,0.01,9.39
2015-11-21,0.0,32.173,24.59,0.37,1.67,8.71
2015-11-22,0.0,32.451,24.34,0.43,2.17,0.69
2015-11-23,0.999,32.636,23.04,0.28,0.15,-3.0
2015-11-24,11.491,32.14,21.78,0.42,0.02,-3.43
2015-11-25,5.828,32.038,20.93,0.38,0.83,0.25
2015-11-26,4.16,32.107,24.7,0.36,16.41,2.96
2015-11-27,6.078,31.949,24.54,0.58,3.86,2.55
2015-11-28,7.242,31.678,23.17,0.33,0.14,1.46
2015-11-29,9.167,31.248,22.24,0.35,0.33,2.43
2015-11-30,0.0,31.586,21.98,0.47,0.6,4.28
2015-12-01,0.0,31.927,22.07,0.46,0.21,6.23
2015-12-02,1.917,32.498,22.14,0.58,0.0,7.42
2015-12-03,23.248,31.805,21.83,0.56,0.0,6.64
2015-12-04,25.828,31.752,21.11,0.48,0.01,5.69
2015-12-05,23.493,31.767,20.5,0.36,0.01,6.9
2015-12-06,17.497,31.643,19.76,0.17,0.16,4.16
2015-12-07,11.991,31.929,18.8,0.2,0.0,3.43
2015-12-08,13.492,32.211,17.85,0.19,0.0,3.39
2015-12-09,30.417,31.731,17.13,0.21,0.01,5.27
2015-12-10,34.833,31.193,16.45,0.12,0.03,3.77
2015-12-11,32.664,31.179,15.63,0.24,0.01,2.53
2015-12-12,28.244,30.743,14.79,0.34,0.01,2.24
2015-12-13,19.083,30.903,14.02,0.28,0.0,1.81
2015-12-14,9.743,31.032,13.29,0.25,0.01,1.83
2015-12-15,17.748,30.993,12.61,0.24,0.01,2.7
2015-12-16,15.583,31.462,12.34,0.25,0.0,5.46
2015-12-17,21.741,31.444,12.52,0.33,0.0,7.98
2015-12-18,19.16,32.158,12.63,0.3,0.01,7.42
2015-12-19,21.078,32.223,12.48,0.32,0.0,7.22
2015-12-20,22.075,31.894,12.44,0.33,0.0,7.66
2015-12-21,23.582,31.5,12.48,0.26,0.01,6.57
2015-12-22,29.583,31.462,12.02,0.16,0.02,3.77
2015-12-23,25.25,30.984,11.47,0.42,0.01,4.6
2015-12-24,26.498,30.495,10.99,0.37,0.01,4.48
2015-12-25,10.083,31.878,10.58,0.27,0.0,4.44
2015-12-26,11.162,31.967,10.29,0.38,0.01,5.13
2015-12-27,12.914,31.936,10.26,0.44,0.01,5.38
2015-12-28,12.824,31.93,10.27,0.48,0.01,5.47
2015-12-29,22.158,31.15,10.27,0.33,0.13,3.57
2015-12-30,23.826,31.045,10.27,0.14,0.03,3.12
2015-12-31,22.325,31.09,10.27,0.2,0.01,5.41
2016-01-01,24.828,30.998,10.28,0.12,0.01,3.84
2016-01-02,11.908,31.19,10.31,0.1,1.65,2.76
2016-01-03,10.079,31.196,10.35,0.12,0.99,0.47
2016-01-04,0.916,31.247,10.64,0.1,1.58,0.45
2016-01-05,10.495,31.138,10.68,0.22,5.37,0.48
2016-01-06,5.583,31.543,10.53,0.13,1.66,-1.41
2016-01-07,11.242,31.404,10.44,0.13,2.77,-1.4
2016-01-08,3.664,31.984,10.39,0.18,0.7,4.21
2016-01-09,11.162,31.794,10.7,0.16,0.62,5.5
2016-01-10,12.414,31.605,12.11,0.15,0.88,3.77
2016-01-11,6.329,31.435,25.78,0.15,17.61,3.52
2016-01-12,10.0,31.37,24.15,0.38,1.46,0.98
2016-01-13,11.166,31.257,21.5,0.27,0.17,-0.13
2016-01-14,23.409,31.246,20.01,0.17,0.01,-0.02
2016-01-15,16.908,31.528,18.87,0.12,0.49,0.38
2016-01-16,16.245,31.498,17.79,0.26,0.8,-2.56
2016-01-17,19.077,31.462,16.83,0.41,0.12,-4.51
2016-01-18,20.666,31.349,16.17,0.38,0.28,0.72
2016-01-19,27.914,31.005,15.53,0.19,2.11,-0.08
2016-01-20,28.158,30.894,14.95,0.12,1.01,0.21
2016-01-21,39.828,30.328,14.37,0.15,0.02,0.99
2016-01-22,27.158,30.898,13.95,0.26,0.02,2.6
2016-01-23,28.91,31.323,14.02,0.22,0.57,4.42
2016-01-24,27.748,31.337,14.58,0.26,0.0,6.47
2016-01-25,25.25,31.19,14.81,0.35,0.0,6.55
2016-01-26,28.664,31.173,15.17,0.33,0.0,7.74
2016-01-27,34.578,31.0,15.41,0.26,0.0,6.82
2016-01-28,19.743,31.212,15.31,0.33,0.01,6.05
2016-01-29,27.748,31.137,14.73,0.17,0.1,4.02
2016-01-30,24.749,31.233,14.09,0.27,0.0,3.34
2016-01-31,21.908,31.339,13.63,0.16,0.01,3.75
2016-02-01,20.912,30.885,14.16,0.41,0.81,5.66
2016-02-02,19.833,30.878,15.03,0.48,0.0,8.94
2016-02-03,18.498,31.407,15.23,0.29,0.02,5.72
2016-02-04,25.327,31.318,14.51,0.37,0.17,1.15
2016-02-05,38.833,30.686,13.79,0.58,0.02,2.65
2016-02-06,25.578,31.175,13.55,0.54,0.0,5.33
2016-02-07,19.245,31.077,17.94,0.32,10.26,3.29
2016-02-08,2.166,31.769,17.68,0.32,1.02,-0.2
2016-02-09,25.578,31.312,17.01,0.33,0.67,4.34
2016-02-10,21.245,31.207,18.31,0.4,4.96,1.77
2016-02-11,22.827,31.162,18.21,0.35,1.56,1.46
2016-02-12,11.5,32.163,18.66,0.37,1.92,1.8
2016-02-13,27.248,31.987,21.63,0.42,10.23,2.67
2016-02-14,18.409,32.235,26.05,0.34,9.59,5.28
2016-02-15,13.158,32.726,25.69,0.36,0.56,1.23
2016-02-16,25.745,31.419,24.14,0.57,0.41,-2.26
2016-02-17,22.748,30.87,22.76,0.63,0.05,-2.81
2016-02-18,20.166,30.983,21.53,0.48,0.0,-1.14
2016-02-19,21.991,31.015,20.33,0.41,0.12,-2.92
2016-02-20,22.658,31.06,19.29,0.52,0.01,-0.15
2016-02-21,29.416,30.963,19.42,0.78,0.0,5.3
2016-02-22,22.748,31.133,22.25,1.06,0.25,9.08
2016-02-23,20.0,31.521,23.73,0.61,5.54,2.65
2016-02-24,20.916,31.709,22.81,0.65,0.03,4.34
2016-02-25,30.661,31.249,22.1,0.65,0.63,4.5
2016-02-26,26.658,31.166,21.73,0.61,0.63,2.29
2016-02-27,23.331,31.545,25.49,0.55,6.03,0.57
2016-02-28,26.741,31.37,23.55,0.54,8.75,-1.45
2016-02-29,24.243,31.239,22.39,0.63,0.62,0.86
2016-03-01,26.574,31.025,22.44,1.0,0.24,2.63
2016-03-02,22.242,31.18,23.14,0.9,0.09,4.7
2016-03-03,25.083,31.052,23.39,1.28,0.36,3.92
2016-03-04,25.995,30.847,22.54,0.98,0.4,1.21
2016-03-05,25.329,30.743,22.54,0.78,3.9,1.53
2016-03-06,18.415,31.22,21.88,0.77,0.95,-0.34
2016-03-07,23.831,31.154,20.7,0.73,0.12,-1.91
2016-03-08,31.748,30.473,19.63,0.79,0.14,-0.12
2016-03-09,18.248,30.981,18.6,1.07,0.02,-1.63
2016-03-10,21.828,31.271,17.63,0.73,1.72,-2.65
2016-03-11,29.828,30.779,16.89,1.18,0.36,1.34
2016-03-12,18.158,31.271,16.25,1.23,0.01,0.61
2016-03-13,30.412,30.733,15.77,1.33,0.0,1.76
2016-03-14,23.16,30.829,15.61,1.39,0.49,2.4
2016-03-15,14.41,31.627,15.51,0.88,1.82,0.38
2016-03-16,20.16,31.968,16.54,1.02,0.86,2.57
2016-03-17,33.498,31.284,18.58,0.85,8.32,0.09
2016-03-18,39.66,31.207,16.73,0.89,0.51,-0.3
2016-03-19,46.825,31.07,17.08,1.24,0.19,2.95
2016-03-20,45.5,31.032,19.08,0.89,7.27,1.55
2016-03-21,50.578,30.612,19.63,1.16,0.63,3.06
2016-03-22,46.329,30.676,20.04,1.37,1.06,3.9
2016-03-23,49.749,31.027,19.68,1.41,0.09,3.96
2016-03-24,46.825,30.578,19.02,1.92,0.01,4.33
2016-03-25,44.583,30.951,19.44,2.37,0.0,6.94
2016-03-26,41.416,31.564,19.83,1.47,0.04,6.28
2016-03-27,56.408,31.003,21.04,2.42,0.11,9.28
2016-03-28,50.333,31.567,21.2,1.64,0.11,4.9
2016-03-29,52.576,31.335,20.73,1.58,0.0,5.47
2016-03-30,37.658,31.528,20.52,1.76,0.05,6.68
2016-03-31,45.749,31.797,21.53,2.44,0.0,10.33
2016-04-01,53.66,31.292,21.83,1.83,0.19,5.91
2016-04-02,47.249,31.033,20.73,1.53,0.05,2.87
2016-04-03,17.492,31.61,19.97,1.69,0.03,5.03
2016-04-04,23.747,31.505,35.62,1.92,3.2,6.64
2016-04-05,31.491,31.594,54.44,1.25,28.92,3.7
2016-04-06,27.245,31.907,43.02,1.17,7.76,3.66
2016-04-07,39.578,31.182,40.63,2.2,0.51,7.06
2016-04-08,23.244,30.809,39.24,2.43,0.33,5.3
2016-04-09,15.583,31.293,37.19,1.82,0.69,0.33
2016-04-10,20.908,30.744,36.82,2.03,0.31,5.57
2016-04-11,10.577,31.594,42.29,1.87,8.02,5.35
2016-04-12,28.664,31.949,40.89,2.19,2.73,5.83
2016-04-13,35.745,31.725,42.59,2.03,5.04,6.1
2016-04-14,33.415,31.801,41.1,1.89,0.54,4.86
2016-04-15,39.331,31.933,40.31,2.99,0.02,8.24
2016-04-16,53.16,30.829,41.56,2.78,1.05,9.12
2016-04-17,43.743,30.512,44.12,2.34,5.17,7.98
2016-04-18,39.995,30.843,42.99,2.17,0.2,5.96
2016-04-19,30.909,31.683,41.93,2.7,0.44,7.24
2016-04-20,50.408,31.003,42.56,3.16,0.0,11.31
2016-04-21,34.498,31.521,53.21,2.38,3.66,10.06
2016-04-22,49.411,30.822,57.67,1.16,9.84,4.41
2016-04-23,33.575,31.423,51.94,1.88,3.56,5.7
2016-04-24,50.162,30.57,50.58,2.08,3.23,6.14
2016-04-25,39.495,30.58,47.56,2.44,0.14,3.51
2016-04-26,25.331,31.816,45.45,3.22,0.01,6.21
2016-04-27,48.745,30.995,44.16,3.11,0.0,6.83
2016-04-28,25.577,32.119,47.31,2.23,7.92,6.22
2016-04-29,42.914,31.762,46.83,1.45,2.93,3.54
2016-04-30,41.991,31.54,45.11,2.71,0.64,6.71
2016-05-01,41.658,31.323,43.02,2.23,0.6,3.4
2016-05-02,38.914,31.273,40.72,2.8,0.16,2.59
2016-05-03,47.326,30.499,39.35,3.72,0.0,7.68
2016-05-04,30.243,31.218,39.32,3.96,0.0,9.7
2016-05-05,43.077,30.807,40.25,4.49,0.0,12.2
2016-05-06,34.331,31.243,40.1,4.14,0.01,12.41
2016-05-07,48.451,30.402,38.14,1.99,0.17,6.92
2016-05-08,41.952,30.448,41.98,2.45,0.02,8.32
2016-05-09,37.078,30.648,80.56,1.87,20.0,6.7
2016-05-10,49.66,30.758,133.86,1.7,39.47,5.42
2016-05-11,56.908,31.086,93.0,2.32,1.87,7.59
2016-05-12,55.912,31.313,85.81,2.0,4.33,5.2
2016-05-13,56.583,31.821,81.78,2.65,3.48,5.95
2016-05-14,72.243,31.014,77.33,2.71,0.45,8.12
2016-05-15,54.498,31.651,73.6,2.66,0.42,8.95
2016-05-16,70.079,30.898,71.51,2.98,0.03,8.48
2016-05-17,58.75,31.096,68.53,3.9,0.84,9.43
2016-05-18,45.999,32.399,67.58,3.4,0.0,9.28
2016-05-19,57.492,32.704,67.58,3.4,1.01,9.43
2016-05-20,62.248,32.58,67.57,3.19,0.01,10.36
2016-05-21,54.743,33.108,67.57,4.79,0.0,13.22
2016-05-22,62.831,32.867,67.59,4.52,0.53,14.37
2016-05-23,60.828,32.843,67.57,2.76,4.08,7.99
2016-05-24,58.993,32.628,67.58,3.81,0.0,7.81
2016-05-25,59.91,30.097,67.58,4.07,0.0,11.97
2016-05-26,68.916,31.518,64.36,3.49,0.0,12.79
2016-05-27,57.658,31.673,60.38,3.81,0.0,14.73
2016-05-28,64.861,31.209,54.57,4.04,0.0,15.56
2016-05-29,63.194,31.748,50.84,3.61,5.45,11.85
2016-05-30,61.528,31.725,50.35,3.09,1.95,8.75
2016-05-31,60.083,31.78,50.48,2.88,4.5,7.46
2016-06-01,61.5,31.757,48.2,2.92,0.27,8.25
2016-06-02,66.75,31.474,45.95,4.13,0.12,11.25
2016-06-03,63.417,31.206,45.68,3.84,0.11,12.15
2016-06-04,57.25,31.38,56.15,4.22,6.81,13.32
2016-06-05,60.333,31.349,59.77,3.3,6.93,11.97
2016-06-06,63.917,30.987,55.25,4.3,0.15,13.64
2016-06-07,62.0,30.789,63.16,3.95,8.0,13.9
2016-06-08,53.75,31.443,55.56,4.74,0.02,15.5
2016-06-09,83.333,31.386,49.18,5.1,0.0,16.42
2016-06-10,73.25,30.523,47.13,4.92,0.0,16.97
2016-06-11,44.583,31.212,48.14,3.61,5.42,14.88
2016-06-12,62.083,31.137,45.88,2.81,0.05,12.36
2016-06-13,62.667,31.172,43.21,3.87,0.0,14.49
2016-06-14,57.75,30.717,40.89,4.15,0.13,12.72
2016-06-15,44.25,31.591,38.82,4.2,0.0,12.5
2016-06-16,48.0,31.843,37.01,2.99,0.47,9.37
2016-06-17,57.417,30.943,36.11,3.14,1.81,7.47
2016-06-18,40.083,31.579,36.77,3.42,2.55,8.88
2016-06-19,41.833,32.089,36.81,2.77,3.88,7.98
2016-06-20,50.917,31.722,34.62,3.86,0.01,10.11
2016-06-21,49.75,31.394,32.59,5.01,0.0,15.02
2016-06-22,46.667,31.223,30.73,5.77,0.02,18.22
2016-06-23,43.167,31.249,29.04,5.92,0.0,18.96
2016-06-24,44.5,31.161,27.41,5.8,0.01,18.92
2016-06-25,39.333,31.518,27.65,5.73,2.33,18.46
2016-06-26,44.0,31.656,26.89,4.15,0.1,16.39
2016-06-27,54.583,30.929,25.29,3.65,0.03,14.82
2016-06-28,48.75,30.774,23.71,5.15,0.0,16.86
2016-06-29,35.333,31.634,22.52,5.74,0.0,18.9
2016-06-30,40.083,32.066,22.39,4.09,1.33,17.01
2016-07-01,50.5,31.54,23.42,4.17,2.55,16.82
2016-07-02,36.5,32.153,23.01,5.02,1.43,18.3
2016-07-03,61.333,30.507,21.92,4.04,0.07,16.54
2016-07-04,32.667,31.373,20.6,5.11,0.0,18.46
2016-07-05,39.0,31.649,22.19,5.68,5.56,19.48
2016-07-06,29.333,31.875,22.92,3.81,0.07,17.4
2016-07-07,43.167,30.784,21.86,5.31,0.09,19.42
2016-07-08,32.917,30.367,26.77,5.05,9.75,19.59
2016-07-09,22.25,31.261,28.44,4.01,2.98,17.42
2016-07-10,34.5,30.661,26.73,5.7,0.01,20.24
2016-07-11,18.833,31.262,26.11,5.8,0.79,21.82
2016-07-12,27.917,31.777,26.78,3.84,3.15,18.57
2016-07-13,28.083,32.327,26.03,3.35,0.81,13.96
2016-07-14,39.333,31.497,24.56,3.39,0.0,11.18
2016-07-15,31.0,31.151,23.07,4.19,0.0,11.04
2016-07-16,20.417,31.344,21.7,5.1,0.0,14.57
2016-07-17,23.083,30.993,20.45,5.72,0.0,17.69
2016-07-18,4.25,31.46,19.28,5.89,0.0,19.23
2016-07-19,28.5,31.353,18.19,5.88,0.0,20.53
2016-07-20,22.167,31.411,17.28,5.99,0.0,22.8
2016-07-21,13.583,31.762,17.67,4.42,2.54,19.31
2016-07-22,19.5,31.895,19.34,4.73,0.03,19.81
2016-07-23,12.833,31.871,22.95,3.31,9.64,15.99
2016-07-24,0.0,32.234,21.43,3.47,0.13,14.38
2016-07-25,2.5,32.409,19.9,4.71,0.0,16.97
2016-07-26,28.333,31.425,18.76,4.82,0.0,18.56
2016-07-27,10.833,31.601,18.23,4.66,1.12,18.86
2016-07-28,22.083,31.756,17.66,4.86,0.52,19.19
2016-07-29,44.083,32.07,16.74,4.97,0.01,19.46
2016-07-30,32.25,31.237,15.72,5.78,0.01,21.82
2016-07-31,13.417,31.732,15.02,5.64,0.0,21.66
2016-08-01,17.917,31.541,15.97,3.67,2.62,16.96
2016-08-02,17.667,31.621,15.36,4.5,0.0,16.9
2016-08-03,24.333,31.216,14.43,5.49,0.0,19.92
2016-08-04,17.167,31.523,13.65,5.65,0.0,21.29
2016-08-05,18.667,31.824,13.11,4.37,0.39,19.32
2016-08-06,15.667,32.276,12.48,4.26,0.02,15.77
2016-08-07,23.0,31.88,11.75,4.89,0.0,17.77
2016-08-08,23.75,31.582,11.04,5.45,0.0,19.13
2016-08-09,31.0,30.758,10.68,5.49,0.0,20.56
2016-08-10,20.25,31.065,13.95,3.53,6.25,15.73
2016-08-11,23.167,30.984,14.23,3.07,0.04,12.83
2016-08-12,24.25,30.759,13.34,4.38,0.0,14.64
2016-08-13,16.75,31.351,12.55,4.88,0.0,17.38
2016-08-14,23.75,30.759,11.84,5.08,0.0,18.83
2016-08-15,10.333,31.457,11.16,4.91,0.0,19.3
2016-08-16,15.083,31.949,11.23,4.57,1.29,18.65
2016-08-17,26.583,31.712,12.6,4.19,1.93,18.2
2016-08-18,21.75,31.654,14.97,3.65,3.85,18.49
2016-08-19,20.417,31.958,14.3,3.49,0.08,17.45
2016-08-20,34.417,31.162,21.63,4.76,0.0,20.64
2016-08-21,16.5,31.196,21.7,2.53,4.65,15.99
2016-08-22,12.0,31.252,16.37,3.7,0.01,16.67
2016-08-23,23.5,31.198,14.93,5.05,0.0,19.91
2016-08-24,29.0,31.657,13.97,4.95,0.0,20.55
2016-08-25,29.583,32.042,13.14,4.76,0.0,20.32
2016-08-26,35.583,31.856,12.38,4.72,0.0,20.2
2016-08-27,30.667,32.014,11.7,4.58,0.0,19.41
2016-08-28,26.667,31.845,11.06,4.44,0.0,20.61
2016-08-29,22.5,31.95,11.01,3.94,0.05,20.62
2016-08-30,18.25,32.466,13.12,1.92,3.93,15.05
2016-08-31,31.5,32.093,12.78,3.16,0.03,15.75
2016-09-01,26.333,32.099,12.8,3.46,1.94,18.04
2016-09-02,30.25,31.772,12.16,3.54,0.09,18.59
2016-09-03,31.583,30.811,12.69,4.15,0.01,19.67
2016-09-04,16.167,32.038,14.35,4.08,3.5,20.22
2016-09-05,18.667,32.131,13.12,3.77,0.06,20.67
2016-09-06,26.25,32.237,12.29,4.14,0.0,20.69
2016-09-07,28.583,32.103,11.62,4.4,0.0,20.65
2016-09-08,24.25,32.239,11.08,3.98,0.0,18.56
2016-09-09,27.0,32.115,11.91,2.79,0.0,17.72
2016-09-10,26.167,32.037,16.92,2.4,9.75,16.35
2016-09-11,17.917,31.723,15.85,2.5,0.08,15.86
2016-09-12,26.5,31.136,14.81,3.39,0.05,17.43
2016-09-13,10.833,31.541,16.6,3.41,0.0,18.15
2016-09-14,19.667,31.675,26.52,2.83,13.46,15.62
2016-09-15,16.833,31.802,25.38,1.43,3.44,8.93
2016-09-16,25.083,31.393,23.54,1.56,0.03,7.37
2016-09-17,14.75,31.556,22.25,1.9,0.41,11.63
2016-09-18,12.333,31.838,21.14,1.49,0.31,8.76
2016-09-19,16.167,31.812,19.99,2.11,0.0,10.67
2016-09-20,18.75,31.788,18.91,2.26,0.0,12.65
2016-09-21,26.25,31.251,17.88,1.76,0.0,11.7
2016-09-22,17.833,31.608,16.86,1.97,0.0,12.21
2016-09-23,16.333,31.805,22.22,2.46,0.0,13.82
2016-09-24,18.75,31.743,28.31,1.65,11.24,12.54
2016-09-25,4.583,31.691,23.24,2.11,0.05,12.85
2016-09-26,1.167,32.069,22.54,1.45,2.0,11.67
2016-09-27,14.083,32.528,21.65,1.65,0.67,11.99
2016-09-28,14.75,32.888,20.38,1.68,0.04,12.68
2016-09-29,12.667,33.398,19.18,2.04,0.0,12.31
2016-09-30,19.5,33.16,18.11,2.15,0.0,12.87
2016-10-01,14.169,,17.16,1.88,0.0,12.57
2016-10-02,15.306,,17.67,1.47,3.1,13.44
2016-10-03,8.652,,17.84,1.41,0.02,12.19
2016-10-04,16.474,,16.85,1.66,0.01,13.5
2016-10-05,22.493,,16.63,1.93,1.23,15.28
2016-10-06,27.421,,16.81,1.33,0.68,13.59
2016-10-07,20.949,,17.21,0.95,2.26,9.2
2016-10-08,19.203,,16.32,1.39,0.02,10.95
2016-10-09,0.0,,15.42,1.25,0.0,10.05
2016-10-10,2.836,,14.58,1.09,0.0,8.51
2016-10-11,33.276,,13.8,1.08,0.0,7.74
2016-10-12,22.917,,13.84,1.0,0.0,7.84
2016-10-13,3.0,,19.25,0.77,10.89,7.42
2016-10-14,34.326,30.958,28.78,0.73,18.77,7.24
2016-10-15,14.641,31.397,32.17,0.67,3.31,5.98
2016-10-16,0.0,31.616,30.9,0.92,0.03,8.69
2016-10-17,2.585,31.843,29.58,0.81,0.0,10.25
2016-10-18,30.353,31.21,28.27,0.74,0.07,9.26
2016-10-19,22.945,31.11,26.94,0.71,0.0,10.2
2016-10-20,21.653,31.251,25.56,0.58,0.0,8.13
2016-10-21,17.699,31.627,24.19,0.54,0.0,6.36
2016-10-22,15.21,31.938,22.96,0.49,0.0,5.95
2016-10-23,15.596,30.94,22.51,0.59,1.67,9.02
2016-10-24,0.251,31.266,24.92,0.65,2.1,11.11
2016-10-25,3.588,32.42,31.23,0.7,11.37,11.35
2016-10-26,11.372,32.271,29.87,0.63,0.67,11.78
2016-10-27,27.132,31.763,28.31,0.54,0.07,10.79
2016-10-28,27.276,30.984,26.7,0.56,0.0,10.8
2016-10-29,8.941,31.698,25.21,0.69,0.01,12.63
2016-10-30,7.986,31.785,23.81,0.77,0.0,13.69
2016-10-31,8.902,31.851,22.51,0.71,0.0,12.45
2016-11-01,18.653,31.905,21.25,0.53,0.01,10.0
2016-11-02,15.287,31.196,20.07,0.43,0.0,9.31
2016-11-03,17.776,31.285,18.96,0.49,0.0,9.54
2016-11-04,16.136,31.597,18.77,0.45,0.0,9.31
2016-11-05,17.612,31.933,50.09,0.29,16.19,7.95
2016-11-06,13.089,31.211,56.1,0.4,22.87,3.52
2016-11-07,3.588,31.458,44.46,0.11,0.91,1.07
2016-11-08,9.539,31.683,40.74,0.11,0.92,-0.02
2016-11-09,4.977,31.936,38.16,0.27,0.39,0.27
2016-11-10,6.395,31.963,36.21,0.27,0.58,3.26
2016-11-11,21.991,31.54,34.48,0.23,0.23,4.15
2016-11-12,20.158,31.351,32.95,0.25,0.42,4.32
2016-11-13,0.0,31.718,31.63,0.26,0.28,6.15
2016-11-14,0.0,32.056,30.57,0.24,0.75,5.49
2016-11-15,0.665,32.309,29.19,0.4,0.72,3.24
2016-11-16,8.574,31.9,27.93,0.4,0.03,5.47
2016-11-17,14.13,31.163,26.87,0.35,0.01,7.33
2016-11-18,3.877,31.587,25.79,0.28,0.0,7.3
2016-11-19,2.884,32.197,24.48,0.11,0.01,4.38
2016-11-20,13.137,32.032,24.01,0.11,0.0,3.16
2016-11-21,14.544,31.735,57.0,0.17,20.72,4.67
2016-11-22,9.356,31.89,64.76,0.23,25.52,5.66
2016-11-23,13.879,31.785,67.1,0.36,11.26,5.53
2016-11-24,24.961,31.74,85.91,0.24,34.3,3.63
2016-11-25,33.912,30.688,76.44,0.05,1.84,0.72
2016-11-26,11.574,31.243,70.07,0.1,0.32,-0.12
2016-11-27,19.194,31.401,67.64,0.18,3.13,0.57
2016-11-28,31.491,30.337,67.61,0.12,1.13,2.44
2016-11-29,14.458,30.722,67.62,0.15,0.49,2.64
2016-11-30,9.905,31.554,67.62,0.13,0.08,2.04
2016-12-01,30.267,30.848,67.61,0.1,0.19,1.81
2016-12-02,22.994,30.969,65.73,0.26,0.02,3.01
2016-12-03,31.694,30.323,59.04,0.35,0.0,2.74
2016-12-04,7.012,31.824,55.81,0.42,0.02,2.57
2016-12-05,19.281,32.223,53.09,0.18,0.15,2.84
2016-12-06,33.276,31.257,50.67,0.14,0.02,3.8
2016-12-07,24.335,31.267,43.57,0.16,0.01,3.85
2016-12-08,18.094,31.731,38.63,0.28,0.02,3.36
2016-12-09,29.398,31.193,36.7,0.35,0.02,3.73
2016-12-10,23.524,31.185,35.25,0.4,0.01,5.25
2016-12-11,28.443,30.802,33.77,0.29,0.02,4.65
2016-12-12,23.36,30.807,32.29,0.31,0.0,4.47
2016-12-13,26.466,30.571,30.92,0.34,0.01,4.87
2016-12-14,21.036,30.808,29.38,0.36,0.0,3.27
2016-12-15,21.827,30.913,27.78,0.34,0.01,1.41
2016-12-16,19.849,31.155,26.36,0.22,0.2,2.24
2016-12-17,18.114,31.121,25.23,0.11,0.59,2.28
2016-12-18,20.187,31.363,23.9,0.11,0.03,1.63
2016-12-19,22.743,31.438,22.58,0.15,0.01,0.29
2016-12-20,29.601,30.829,21.32,0.29,0.0,1.04
2016-12-21,15.008,31.57,20.21,0.25,0.43,1.07
2016-12-22,26.283,31.291,19.22,0.3,0.02,2.6
2016-12-23,28.105,30.697,18.33,0.18,0.16,3.27
2016-12-24,18.73,31.33,17.53,0.17,0.0,3.8
2016-12-25,15.972,31.445,16.91,0.23,0.0,4.57
2016-12-26,16.059,31.49,16.84,0.51,0.02,7.43
2016-12-27,17.429,31.383,16.76,0.44,0.01,7.06
2016-12-28,21.904,31.415,16.33,0.39,0.01,5.33
2016-12-29,21.123,31.465,15.75,0.54,0.0,5.28
2016-12-30,23.611,31.351,15.25,0.56,0.02,4.55
2016-12-31,28.733,30.708,14.5,0.38,0.01,1.42
2017-01-01,15.123,30.787,13.72,0.31,0.0,0.96
2017-01-02,16.387,30.64,12.97,0.31,0.0,0.48
2017-01-03,20.534,30.666,12.27,0.41,0.01,1.73
2017-01-04,15.721,30.991,11.76,0.39,0.0,2.69
2017-01-05,12.886,31.487,11.3,0.44,0.01,4.16
2017-01-06,13.445,31.933,10.81,0.43,0.01,1.86
2017-01-07,28.192,31.17,10.37,0.49,0.0,2.1
2017-01-08,19.521,30.976,10.29,0.41,0.0,2.41
2017-01-09,14.507,31.254,10.28,0.48,0.01,2.79
2017-01-10,19.271,31.244,10.28,0.41,0.08,2.44
2017-01-11,11.998,31.792,10.27,0.36,4.28,0.07
2017-01-12,22.029,31.301,10.28,0.44,0.77,3.73
2017-01-13,11.333,31.748,10.27,0.2,0.52,3.6
2017-01-14,15.374,31.671,10.26,0.34,0.12,-2.92
2017-01-15,18.229,31.156,10.25,0.44,0.62,-4.11
2017-01-16,10.378,31.45,10.26,0.38,10.49,-3.03
2017-01-17,15.538,31.588,10.26,0.33,3.69,-3.28
2017-01-18,21.123,31.874,10.27,0.45,0.0,-9.12
2017-01-19,23.36,31.532,10.27,0.34,0.3,-4.38
2017-01-20,26.804,30.877,10.27,0.3,0.15,-2.85
2017-01-21,24.498,30.753,10.27,0.27,0.19,-1.56
2017-01-22,18.152,31.079,10.26,0.27,0.2,-0.02
2017-01-23,10.195,31.817,10.26,0.33,0.0,0.79
2017-01-24,23.283,31.527,10.25,0.33,0.2,1.46
2017-01-25,26.042,31.137,10.26,0.61,0.02,0.65
2017-01-26,25.618,30.913,10.27,0.24,1.24,-3.02
2017-01-27,21.615,31.198,11.2,0.13,0.14,-2.71
2017-01-28,28.858,31.559,11.45,0.26,11.65,-0.71
2017-01-29,27.344,30.915,11.12,0.23,0.66,0.04
2017-01-30,21.19,31.196,10.98,0.12,0.09,1.05
2017-01-31,34.279,31.254,10.91,0.22,0.02,3.73
2017-02-01,35.783,31.249,11.69,0.27,0.09,4.85
2017-02-02,22.57,31.906,13.28,0.38,0.03,5.78
2017-02-03,28.935,31.931,15.35,0.27,3.83,0.68
2017-02-04,27.942,31.565,19.42,0.24,7.94,0.46
2017-02-05,17.429,32.28,28.01,0.32,12.34,3.06
2017-02-06,23.573,32.208,26.69,0.28,10.97,-0.61
2017-02-07,40.143,31.422,28.79,0.59,6.03,3.68
2017-02-08,30.845,31.568,29.67,0.32,0.48,3.42
2017-02-09,29.273,31.647,28.04,0.56,0.25,-1.77
2017-02-10,33.324,31.442,26.57,0.47,0.02,0.02
2017-02-11,35.031,30.866,25.28,0.3,0.0,-0.23
2017-02-12,13.301,31.606,24.82,0.35,2.08,2.74
2017-02-13,19.348,31.693,29.79,0.68,0.51,4.12
2017-02-14,43.769,30.802,43.82,0.69,17.65,3.2
2017-02-15,30.893,31.542,36.14,0.33,1.99,2.93
2017-02-16,39.805,31.077,33.68,0.51,0.09,5.0
2017-02-17,28.222,31.751,32.38,0.36,0.0,3.85
2017-02-18,41.599,31.141,31.64,0.58,0.0,4.87
2017-02-19,37.037,31.582,30.95,0.6,0.0,4.42
2017-02-20,36.613,31.502,29.99,0.42,0.0,3.12
2017-02-21,32.947,31.438,29.61,0.56,0.02,5.12
2017-02-22,43.229,30.45,30.06,0.83,0.0,6.85
2017-02-23,35.292,30.665,30.71,0.95,0.0,7.74
2017-02-24,38.503,30.617,30.92,0.77,0.03,6.7
2017-02-25,33.324,30.723,30.03,0.7,0.0,2.81
2017-02-26,37.703,30.934,29.69,1.05,0.0,5.84
2017-02-27,42.766,30.547,29.53,0.96,0.0,5.76
2017-02-28,20.11,31.792,28.87,0.97,0.0,4.99
2017-03-01,43.73,31.216,27.54,0.7,0.17,0.81
2017-03-02,40.471,30.751,26.62,1.14,0.01,4.45
2017-03-03,34.452,30.998,26.58,1.06,0.0,6.07
2017-03-04,29.186,31.203,31.02,0.8,13.36,3.41
2017-03-05,31.944,31.301,30.14,0.72,1.04,-0.86
2017-03-06,31.201,30.845,29.99,0.77,1.65,3.48
2017-03-07,23.775,31.816,30.8,1.3,0.97,6.08
2017-03-08,32.446,32.151,32.55,1.4,2.82,7.44
2017-03-09,36.883,31.547,34.78,1.21,0.34,9.42
2017-03-10,26.08,32.016,37.24,1.89,0.0,12.47
2017-03-11,38.465,31.52,38.88,2.03,0.0,11.91
2017-03-12,43.229,31.441,40.87,2.12,0.0,11.13
2017-03-13,35.793,31.744,41.6,1.12,2.88,6.35
2017-03-14,44.849,31.329,38.85,1.14,0.16,4.59
2017-03-15,42.525,31.11,37.65,1.72,0.0,8.15
2017-03-16,38.378,31.197,36.9,1.95,0.0,8.98
2017-03-17,39.362,31.017,36.16,1.9,0.0,8.69
2017-03-18,4.745,31.645,35.69,2.08,0.01,9.88
2017-03-19,54.369,30.59,35.27,2.0,0.0,10.12
2017-03-20,27.373,31.667,34.71,2.2,0.0,9.87
2017-03-21,41.512,31.41,33.98,2.11,0.0,9.62
2017-03-22,35.58,31.477,32.72,1.55,0.02,5.95
2017-03-23,32.35,32.153,32.84,1.24,5.85,3.02
2017-03-24,47.155,31.487,35.39,1.16,1.31,0.38
2017-03-25,48.379,30.984,52.36,1.09,27.84,0.44
2017-03-26,41.599,30.731,42.96,0.91,11.57,-1.39
2017-03-27,36.95,31.108,42.73,1.61,2.6,4.1
2017-03-28,35.657,31.579,43.27,1.06,4.89,1.45
2017-03-29,32.368,32.125,45.9,1.72,0.36,5.99
2017-03-30,37.78,32.175,52.1,2.55,0.02,8.22
2017-03-31,45.872,32.162,58.47,2.51,0.0,9.03
2017-04-01,45.515,32.613,58.46,1.66,4.62,6.7
2017-04-02,50.926,32.517,57.64,1.37,1.89,3.22
2017-04-03,50.926,32.354,56.51,1.93,0.24,4.04
2017-04-04,50.926,32.149,55.41,2.59,0.01,7.23
2017-04-05,50.762,31.812,54.29,1.91,0.35,6.9
2017-04-06,49.296,31.812,52.93,1.86,1.05,5.65
2017-04-07,53.009,31.426,47.21,2.73,0.06,6.57
2017-04-08,51.177,30.689,42.67,3.06,0.0,9.12
2017-04-09,31.52,31.588,42.13,3.19,0.39,10.41
2017-04-10,38.03,31.831,41.86,2.76,1.2,9.68
2017-04-11,48.129,31.075,41.01,2.93,0.26,10.67
2017-04-12,39.082,31.123,39.99,3.18,0.0,10.07
2017-04-13,39.767,31.05,39.15,3.4,0.0,11.12
2017-04-14,37.211,31.235,38.61,3.49,0.07,12.33
2017-04-15,30.526,31.996,38.02,3.32,0.0,12.04
2017-04-16,47.945,31.231,36.97,2.22,0.99,8.53
2017-04-17,46.075,30.603,35.72,3.15,0.01,9.95
2017-04-18,35.33,30.934,34.67,3.63,0.0,11.05
2017-04-19,29.678,31.688,33.42,3.32,0.0,9.12
2017-04-20,45.949,31.058,31.73,2.13,0.04,4.1
2017-04-21,23.862,31.593,30.04,2.68,0.0,5.24
2017-04-22,33.815,31.587,28.59,3.03,0.0,6.73
2017-04-23,42.197,31.253,27.55,3.67,0.0,10.08
2017-04-24,34.771,31.6,26.62,3.76,0.0,10.66
2017-04-25,42.274,31.426,27.34,3.8,0.0,11.06
2017-04-26,35.369,31.853,33.32,2.26,11.47,8.86
2017-04-27,39.101,31.064,34.46,1.2,8.11,2.11
2017-04-28,32.06,31.565,32.63,1.43,2.18,-1.37
2017-04-29,53.058,30.589,32.43,2.76,0.87,2.47
2017-04-30,32.61,31.36,34.38,2.74,0.45,6.3
2017-05-01,40.606,31.442,37.33,1.71,6.65,2.84
2017-05-02,47.781,31.108,35.15,2.56,0.01,5.42
2017-05-03,45.023,30.89,33.91,2.09,0.62,6.02
2017-05-04,44.358,31.248,32.68,2.4,0.15,7.89
2017-05-05,38.03,31.504,32.16,3.41,0.0,11.94
2017-05-06,48.129,30.898,32.48,3.1,2.92,11.62
2017-05-07,38.59,30.97,31.85,3.22,0.01,8.54
2017-05-08,33.777,30.877,30.48,3.58,0.01,9.56
2017-05-09,31.52,31.091,29.46,3.91,0.0,11.45
2017-05-10,37.78,31.297,30.05,3.62,0.19,11.78
2017-05-11,44.29,31.102,53.57,2.69,24.14,9.81
2017-05-12,27.199,31.728,61.39,2.09,16.19,6.51
2017-05-13,40.683,31.117,61.37,3.01,0.1,9.02
2017-05-14,48.707,30.623,60.42,3.39,0.18,10.33
2017-05-15,45.033,30.499,59.17,3.39,0.41,11.05
2017-05-16,35.957,31.239,57.79,4.58,0.01,14.26
2017-05-17,46.576,31.031,49.44,4.57,0.0,15.3
2017-05-18,42.178,31.247,50.32,3.55,0.0,13.71
2017-05-19,43.402,31.069,57.04,2.27,12.83,7.19
2017-05-20,37.452,30.746,56.43,3.15,0.5,6.11
2017-05-21,42.014,30.933,55.35,3.72,0.01,9.61
2017-05-22,42.429,31.042,54.63,4.74,0.0,14.78
2017-05-23,46.653,30.72,56.91,3.78,9.06,14.21
2017-05-24,42.197,30.658,57.04,4.16,0.02,14.64
2017-05-25,34.694,31.203,56.14,4.97,0.01,16.63
2017-05-26,42.014,31.324,54.99,5.08,0.3,18.08
2017-05-27,41.927,31.052,48.92,4.71,0.11,16.96
2017-05-28,40.644,31.226,43.24,5.0,0.19,16.99
2017-05-29,38.117,31.567,41.14,4.7,0.0,16.44
2017-05-30,49.412,30.978,39.45,3.24,0.23,13.64
2017-05-31,42.863,30.953,46.58,2.76,9.21,11.86
2017-06-01,40.259,31.039,47.44,3.24,0.86,12.58
2017-06-02,21.788,31.654,48.17,4.18,1.47,15.58
2017-06-03,30.517,31.327,57.22,4.23,13.22,15.72
2017-06-04,25.251,31.988,57.03,2.72,9.89,11.26
2017-06-05,28.173,31.221,56.68,2.03,6.55,9.2
2017-06-06,31.057,31.529,55.96,3.34,0.1,10.98
2017-06-07,42.274,31.216,55.07,3.77,0.03,11.09
2017-06-08,34.539,31.416,53.94,4.98,0.02,13.74
2017-06-09,29.977,30.49,52.72,5.32,2.53,16.24
2017-06-10,29.061,30.497,49.51,4.9,0.01,16.84
2017-06-11,18.566,30.598,41.71,5.65,0.0,19.33
2017-06-12,15.249,30.805,39.0,5.56,0.0,20.39
2017-06-13,29.523,30.849,36.82,5.91,0.0,20.42
2017-06-14,35.33,30.733,34.78,5.84,0.0,20.59
2017-06-15,28.009,30.776,32.84,5.9,0.0,21.58
2017-06-16,27.922,30.97,31.51,5.48,0.88,21.88
2017-06-17,26.968,31.134,29.9,5.61,0.05,19.9
2017-06-18,25.473,30.556,28.23,6.59,0.0,20.66
2017-06-19,9.857,31.003,26.71,6.61,0.0,20.98
2017-06-20,19.984,31.557,25.62,5.71,0.0,20.66
2017-06-21,30.845,31.196,27.56,4.99,3.72,19.66
2017-06-22,28.858,31.252,29.47,4.99,4.84,19.16
2017-06-23,28.26,31.183,28.07,5.96,1.27,21.15
2017-06-24,31.096,31.484,26.5,5.42,0.01,21.31
2017-06-25,32.446,31.944,25.11,5.01,0.04,20.61
2017-06-26,37.799,31.623,27.83,4.03,5.11,18.13
2017-06-27,34.915,31.262,37.61,3.2,6.15,14.45
2017-06-28,23.698,31.702,48.82,4.29,8.65,15.58
2017-06-29,30.932,31.507,40.83,3.25,4.86,10.39
2017-06-30,29.89,31.59,37.49,3.26,0.29,8.74
2017-07-01,28.356,31.618,36.14,3.27,2.1,8.77
2017-07-02,23.158,31.882,34.55,3.19,1.09,10.42
2017-07-03,36.41,31.319,32.59,4.79,0.02,14.54
2017-07-04,40.721,30.975,30.68,5.37,0.02,17.36
2017-07-05,36.632,30.922,28.96,5.82,0.02,18.19
2017-07-06,21.904,30.996,27.48,5.74,0.0,20.01
2017-07-07,20.949,31.539,25.96,4.32,0.0,19.63
2017-07-08,21.701,31.936,25.32,5.03,0.0,22.22
2017-07-09,29.475,31.555,26.34,3.59,5.53,16.51
2017-07-10,24.46,31.485,44.67,3.53,9.98,15.36
2017-07-11,30.893,31.253,40.67,3.92,3.4,16.86
2017-07-12,40.22,30.522,33.87,4.69,0.01,18.31
2017-07-13,32.118,30.567,31.09,5.47,0.01,20.0
2017-07-14,33.526,30.758,29.19,5.67,0.0,20.25
2017-07-15,27.257,30.766,27.5,4.95,0.0,18.76
2017-07-16,17.978,31.256,25.84,5.4,0.0,18.94
2017-07-17,8.699,32.313,24.38,6.15,0.0,20.96
2017-07-18,28.925,32.298,23.24,4.8,0.3,19.19
2017-07-19,38.417,31.825,22.08,5.06,0.08,20.28
2017-07-20,31.115,31.668,21.3,4.18,0.55,18.79
2017-07-21,21.991,31.792,38.6,3.82,0.55,17.88
2017-07-22,22.329,32.25,44.83,3.53,13.9,16.01
2017-07-23,25.54,32.247,32.7,4.25,0.0,17.82
2017-07-24,20.766,32.19,30.47,3.77,2.31,16.7
2017-07-25,28.771,31.964,28.42,3.82,0.01,14.58
2017-07-26,27.72,31.902,26.58,4.31,0.0,13.87
2017-07-27,35.744,31.897,24.93,4.73,0.0,16.88
2017-07-28,32.648,31.518,23.42,5.58,0.0,19.86
2017-07-29,27.276,31.492,22.07,5.35,0.0,20.55
2017-07-30,10.523,32.672,20.84,5.52,0.0,21.19
2017-07-31,27.219,32.135,19.67,5.12,0.0,22.2
2017-08-01,29.813,31.957,18.68,5.22,0.0,21.94
2017-08-02,27.922,31.812,17.65,3.92,0.0,19.99
2017-08-03,27.634,31.819,16.59,4.99,0.08,22.19
2017-08-04,35.128,31.573,15.63,5.41,0.0,22.63
2017-08-05,35.783,31.429,15.44,5.48,0.0,22.8
2017-08-06,21.904,31.947,52.07,4.6,22.28,20.61
2017-08-07,22.039,31.731,54.75,3.09,0.53,17.6
2017-08-08,34.607,32.095,42.62,3.53,0.04,18.32
2017-08-09,39.728,31.242,38.59,3.08,0.0,13.29
2017-08-10,25.868,32.106,36.18,2.01,5.56,8.52
2017-08-11,24.296,31.61,30.82,2.94,0.1,10.69
2017-08-12,26.591,31.547,28.78,3.6,0.0,11.78
2017-08-13,11.998,32.032,27.06,4.56,0.0,16.24
2017-08-14,24.112,31.699,25.47,4.46,0.0,17.27
2017-08-15,34.163,31.491,24.17,4.8,0.0,19.05
2017-08-16,15.5,31.641,24.24,3.69,2.43,18.38
2017-08-17,30.198,30.862,23.27,3.9,0.01,19.29
2017-08-18,11.66,31.832,21.91,4.77,0.0,20.48
2017-08-19,17.814,31.482,20.86,4.47,0.14,20.22
2017-08-20,5.893,32.259,19.75,3.44,0.0,16.5
2017-08-21,16.31,32.014,18.61,4.16,0.0,17.59
2017-08-22,19.772,31.83,17.51,4.84,0.0,20.06
2017-08-23,17.342,31.676,16.64,5.09,0.06,22.18
2017-08-24,19.782,31.27,17.54,3.8,4.46,19.24
2017-08-25,8.111,32.127,18.34,4.24,0.27,19.74
2017-08-26,20.534,31.875,17.48,3.61,0.03,19.84
2017-08-27,15.895,31.951,16.54,3.78,0.03,21.28
2017-08-28,15.625,32.163,15.89,3.38,0.43,20.18
2017-08-29,21.991,31.967,16.67,3.96,2.85,20.76
2017-08-30,21.991,31.938,16.52,2.77,0.27,17.19
2017-08-31,22.078,32.03,18.26,2.72,3.56,15.89
2017-09-01,22.858,32.045,20.71,1.89,5.2,11.68
2017-09-02,21.373,32.141,19.64,2.72,0.1,11.18
2017-09-03,25.29,31.39,18.62,2.95,0.0,11.79
2017-09-04,19.84,31.393,17.73,2.52,0.41,14.68
2017-09-05,49.18,30.298,16.9,2.64,0.03,15.82
2017-09-06,28.308,31.196,15.96,3.01,0.0,17.76
2017-09-07,9.877,31.603,15.34,2.57,0.57,14.42
2017-09-08,9.771,31.714,14.61,2.98,0.01,13.77
2017-09-09,17.024,31.377,14.77,3.08,0.0,14.28
2017-09-10,7.532,31.979,17.73,1.49,7.14,8.3
2017-09-11,14.256,31.748,17.19,2.29,0.34,9.9
2017-09-12,17.766,31.678,16.32,2.83,0.1,13.13
2017-09-13,25.704,31.267,15.43,2.25,0.0,12.1
2017-09-14,23.245,31.798,14.6,3.16,0.0,15.57
2017-09-15,37.201,32.038,18.59,2.64,8.21,11.96
2017-09-16,38.754,32.411,22.3,0.95,7.4,4.51
2017-09-17,35.33,31.816,23.63,1.46,4.89,5.98
2017-09-18,27.257,31.269,23.3,1.94,0.05,8.69
2017-09-19,18.229,31.847,23.21,1.48,2.0,7.35
2017-09-20,10.378,32.234,22.32,2.08,0.06,8.19
2017-09-21,15.461,31.99,21.69,2.45,0.0,11.71
2017-09-22,19.357,31.212,21.92,2.51,0.0,13.62
2017-09-23,11.613,31.151,23.79,1.49,5.83,10.87
2017-09-24,6.867,31.403,22.69,2.0,0.03,12.44
2017-09-25,6.434,31.66,21.93,2.48,0.01,15.55
2017-09-26,10.831,31.66,21.91,1.49,2.46,12.28
2017-09-27,9.192,31.647,20.76,1.51,0.03,11.24
2017-09-28,10.657,31.502,19.53,1.61,0.0,12.14
2017-09-29,7.031,31.535,18.39,2.09,0.0,13.72
2017-09-30,8.154,31.575,18.13,2.16,0.0,14.83
2017-10-01,9.414,31.446,20.09,1.1,4.88,10.47
2017-10-02,3.665,31.807,20.4,1.17,2.11,12.14
2017-10-03,10.996,31.492,19.96,1.57,0.09,14.18
2017-10-04,12.079,32.016,18.84,1.35,0.0,13.17
2017-10-05,23.575,31.548,17.77,1.81,0.03,14.34
2017-10-06,19.16,31.765,16.76,2.0,0.0,15.14
2017-10-07,19.66,31.959,15.89,1.79,0.0,11.34
2017-10-08,5.165,32.267,15.05,1.65,0.0,11.0
2017-10-09,7.748,32.104,14.23,1.64,0.0,12.29
2017-10-10,16.827,31.868,13.47,1.58,0.0,11.87
2017-10-11,25.158,31.158,12.74,1.49,0.01,12.23
2017-10-12,15.578,30.782,12.04,1.58,0.0,13.75
2017-10-13,10.413,30.611,11.39,1.53,0.0,13.74
2017-10-14,3.749,31.003,10.77,1.66,0.0,15.25
2017-10-15,1.0,31.622,10.34,1.45,0.0,14.19
2017-10-16,1.833,31.962,10.29,1.24,0.01,13.66
2017-10-17,11.079,31.837,10.28,1.24,0.0,13.29
2017-10-18,11.33,31.517,42.64,1.06,0.15,12.09
2017-10-19,4.332,32.025,85.68,0.72,45.55,8.86
2017-10-20,7.914,31.97,65.78,0.68,0.79,8.38
2017-10-21,6.748,31.987,51.69,0.64,0.02,10.54
2017-10-22,3.916,32.203,44.21,0.62,0.03,9.73
2017-10-23,3.082,32.476,41.11,0.49,0.0,7.47
2017-10-24,3.916,32.648,38.58,0.57,0.0,10.58
2017-10-25,3.249,32.599,36.34,0.9,0.0,13.73
2017-10-26,5.831,32.363,34.24,0.95,0.0,14.48
2017-10-27,3.666,32.301,32.29,0.92,0.0,14.45
2017-10-28,0.583,32.498,30.46,0.82,0.0,13.19
2017-10-29,6.415,32.171,28.81,0.74,0.0,10.44
2017-10-30,0.25,32.398,27.24,0.63,0.0,10.1
2017-10-31,3.582,32.326,23.55,0.42,0.0,8.27
2017-11-01,9.164,31.858,20.28,0.35,0.0,7.14
2017-11-02,0.583,32.029,19.18,0.36,0.0,7.56
2017-11-03,6.498,31.705,18.11,0.24,0.0,7.43
2017-11-04,0.917,31.87,20.8,0.34,0.0,9.8
2017-11-05,0.0,31.917,23.28,0.43,9.74,5.78
2017-11-06,0.0,32.448,22.28,0.32,4.35,2.82
2017-11-07,0.5,32.629,21.15,0.67,0.79,-0.74
2017-11-08,5.498,32.418,20.6,0.59,0.17,3.34
2017-11-09,1.333,32.524,19.65,0.32,0.51,1.32
2017-11-10,15.078,31.442,18.8,0.45,2.01,1.52
2017-11-11,4.998,31.118,18.76,0.51,0.56,5.37
2017-11-12,4.582,31.0,18.98,0.47,0.29,5.1
2017-11-13,0.0,31.236,18.86,0.31,0.47,5.53
2017-11-14,0.0,31.436,17.89,0.64,0.02,-0.51
2017-11-15,0.0,31.725,17.0,0.63,0.05,2.11
2017-11-16,0.0,31.803,16.42,0.55,0.0,5.79
2017-11-17,1.666,31.944,15.98,0.55,0.03,6.58
2017-11-18,18.327,30.696,15.4,0.45,0.0,6.68
2017-11-19,0.0,30.998,14.69,0.44,0.0,5.69
2017-11-20,0.0,31.213,14.04,0.53,0.0,6.2
2017-11-21,0.0,31.491,13.55,0.46,0.0,7.14
2017-11-22,0.0,31.741,13.0,0.46,0.0,6.74
2017-11-23,0.0,31.99,12.47,0.54,0.0,6.25
2017-11-24,0.0,32.247,12.0,0.49,0.0,6.67
2017-11-25,0.0,32.629,11.79,0.32,0.63,6.58
2017-11-26,0.333,32.413,11.63,0.31,0.7,3.05
2017-11-27,4.832,32.482,11.03,0.39,0.0,0.05
2017-11-28,12.829,31.649,10.46,0.33,0.01,1.67
2017-11-29,0.583,31.923,10.5,0.29,0.0,1.14
2017-11-30,6.831,31.433,10.42,0.16,1.09,-1.21
2017-12-01,5.415,31.636,10.37,0.32,0.56,-2.61
2017-12-02,9.164,31.055,10.33,0.33,0.97,-5.36
2017-12-03,0.167,31.223,10.32,0.49,0.22,-5.58
2017-12-04,2.582,31.224,10.33,0.55,0.0,-2.1
2017-12-05,8.747,30.812,10.33,0.41,0.02,0.74
2017-12-06,5.498,30.636,10.32,0.37,0.11,2.21
2017-12-07,0.0,30.942,10.32,0.33,0.0,1.46
2017-12-08,0.0,31.211,10.32,0.29,0.03,1.03
2017-12-09,0.0,31.463,10.31,0.28,0.49,1.47
2017-12-10,0.0,31.741,11.45,0.25,1.45,0.51
2017-12-11,1.083,31.975,39.53,0.15,20.94,1.44
2017-12-12,12.995,32.043,24.77,0.14,9.55,-0.55
2017-12-13,14.161,32.139,20.65,0.1,0.05,-2.65
2017-12-14,26.574,31.698,19.12,0.21,1.94,0.1
2017-12-15,22.159,31.803,18.0,0.16,0.13,2.19
2017-12-16,24.492,32.027,16.91,0.14,1.05,-0.63
2017-12-17,28.573,31.683,15.92,0.23,0.17,-2.3
2017-12-18,15.494,31.853,15.32,0.29,0.04,-1.25
2017-12-19,41.485,31.041,16.18,0.21,6.26,0.0
2017-12-20,24.658,31.449,15.68,0.24,0.17,1.35
2017-12-21,22.326,32.156,15.48,0.28,1.07,3.39
2017-12-22,36.321,31.565,15.92,0.31,0.22,5.39
2017-12-23,29.157,31.584,15.92,0.21,0.13,4.33
2017-12-24,30.739,31.185,15.49,0.23,0.06,4.08
2017-12-25,27.24,31.135,15.06,0.31,0.03,3.87
2017-12-26,18.41,31.218,14.62,0.29,0.08,2.5
2017-12-27,11.829,31.548,14.67,0.09,3.45,-0.62
2017-12-28,10.164,31.745,13.5,0.15,6.99,-3.22
2017-12-29,12.163,31.674,13.02,0.12,3.3,-1.95
2017-12-30,13.329,31.542,13.69,0.13,3.18,0.75
2017-12-31,6.498,32.015,14.97,0.19,1.42,3.59
2018-01-01,12.413,32.152,14.97,0.16,0.34,2.22
2018-01-02,16.911,31.851,15.5,0.16,4.28,0.3
2018-01-03,15.827,31.97,17.78,0.21,4.36,4.26
2018-01-04,13.995,31.962,20.26,0.27,0.18,7.16
2018-01-05,14.495,31.819,21.07,0.18,0.02,5.8
2018-01-06,19.743,31.242,20.77,0.19,0.05,3.78
2018-01-07,15.994,31.112,27.96,0.3,15.23,2.47
2018-01-08,6.997,31.869,26.82,0.23,14.15,-1.44
2018-01-09,29.406,31.456,24.97,0.12,1.03,-1.67
2018-01-10,32.738,30.666,23.48,0.13,0.22,-2.18
2018-01-11,18.576,30.968,22.2,0.09,0.66,-0.28
2018-01-12,14.995,31.155,20.99,0.11,0.11,-1.51
2018-01-13,24.575,31.152,19.89,0.2,0.04,-1.71
2018-01-14,9.33,31.741,18.94,0.23,0.9,-1.16
2018-01-15,13.578,32.006,18.01,0.11,0.31,-1.16
2018-01-16,19.91,32.332,17.39,0.16,0.03,-0.12
2018-01-17,19.41,31.542,18.26,0.25,0.04,4.71
2018-01-18,23.409,31.077,18.09,0.27,0.01,1.94
2018-01-19,16.827,31.817,17.92,0.36,0.01,3.52
2018-01-20,14.828,31.892,18.76,0.3,0.01,3.06
2018-01-21,13.245,31.779,26.97,0.31,5.24,5.08
2018-01-22,16.161,31.402,29.09,0.37,5.79,6.75
2018-01-23,18.494,31.003,29.06,0.32,0.02,7.08
2018-01-24,23.326,31.239,28.49,0.4,0.01,6.32
2018-01-25,15.078,31.067,28.3,0.5,0.0,6.0
2018-01-26,5.581,31.695,29.5,0.18,9.74,2.84
2018-01-27,12.163,31.739,27.49,0.4,1.42,-1.63
2018-01-28,13.828,31.62,26.29,0.41,0.41,-0.78
2018-01-29,13.162,31.633,25.8,0.31,0.19,3.42
2018-01-30,25.158,31.783,25.24,0.3,0.0,3.95
2018-01-31,16.077,31.774,24.39,0.27,0.0,3.74
2018-02-01,16.911,31.383,23.54,0.26,0.01,2.91
2018-02-02,15.328,31.436,22.23,0.32,0.86,-1.76
2018-02-03,8.414,31.712,20.93,0.33,0.2,-3.41
2018-02-04,13.245,31.598,21.45,0.42,0.53,-2.08
2018-02-05,16.744,31.309,23.15,0.27,11.78,-2.33
2018-02-06,23.908,30.923,20.78,0.36,13.23,-2.61
2018-02-07,13.246,31.572,19.31,0.28,3.25,-3.94
2018-02-08,26.325,31.058,18.19,0.31,0.05,-5.88
2018-02-09,18.91,31.285,17.17,0.29,0.08,-6.92
2018-02-10,18.66,31.524,16.21,0.26,0.37,-3.4
2018-02-11,25.658,31.123,15.64,0.63,0.46,-4.29
2018-02-12,22.325,31.009,16.23,0.37,2.59,1.42
2018-02-13,24.825,30.742,15.5,0.41,0.01,-4.61
2018-02-14,11.746,31.595,14.83,0.32,0.4,-3.12
2018-02-15,10.496,32.233,16.7,0.38,6.09,1.06
2018-02-16,26.658,31.375,22.3,0.55,0.4,7.07
2018-02-17,22.409,31.309,24.65,0.5,2.4,4.72
2018-02-18,15.494,31.234,25.25,0.5,1.96,1.96
2018-02-19,10.497,31.715,25.02,0.46,3.38,3.15
2018-02-20,15.911,31.66,25.62,0.46,3.73,3.51
2018-02-21,15.245,31.637,25.28,0.62,4.28,2.59
2018-02-22,17.328,31.395,23.9,0.6,0.93,-2.31
2018-02-23,10.164,31.565,22.59,0.62,0.06,-3.25
2018-02-24,11.913,31.636,21.5,0.59,0.05,-1.71
2018-02-25,11.246,31.797,20.63,0.66,0.01,1.12
2018-02-26,14.661,31.634,20.2,0.79,0.0,2.88
2018-02-27,20.826,31.388,19.18,0.65,0.25,-2.34
2018-02-28,9.08,31.769,31.36,0.63,1.0,-3.4
2018-03-01,20.243,31.345,54.59,0.57,25.36,-0.93
2018-03-02,13.079,31.646,59.3,0.61,24.38,0.53
2018-03-03,25.574,31.884,44.46,0.92,4.61,1.09
2018-03-04,31.323,31.408,40.4,0.94,1.66,3.7
2018-03-05,23.659,31.722,39.19,0.7,0.87,2.14
2018-03-06,20.826,31.745,37.39,0.67,1.65,0.68
2018-03-07,30.156,31.773,35.65,0.72,0.76,0.33
2018-03-08,34.405,32.562,34.14,0.9,0.25,1.48
2018-03-09,59.063,31.306,34.65,0.97,0.0,3.91
2018-03-10,39.403,31.751,46.57,1.2,8.33,8.02
2018-03-11,52.649,31.154,50.99,0.98,8.8,6.02
2018-03-12,27.907,31.734,48.75,0.9,1.12,2.62
2018-03-13,38.653,31.535,46.23,1.05,0.37,1.84
2018-03-14,46.067,31.232,46.64,0.93,0.04,1.45
2018-03-15,46.318,30.948,62.87,1.07,20.14,4.33
2018-03-16,39.652,31.227,63.7,0.98,1.34,2.09
2018-03-17,46.567,30.88,53.08,1.07,0.44,0.98
2018-03-18,42.818,31.057,48.36,0.88,1.19,-1.21
2018-03-19,50.649,30.654,46.28,1.07,0.42,0.12
2018-03-20,36.237,31.498,44.9,1.04,5.74,-1.05
2018-03-21,40.069,31.702,42.77,1.08,1.79,-2.16
2018-03-22,50.816,30.54,40.57,1.39,0.01,-2.95
2018-03-23,38.154,30.75,39.64,1.77,0.03,1.96
2018-03-24,40.486,30.663,42.98,1.6,5.66,5.2
2018-03-25,44.901,30.999,42.03,0.78,5.43,-0.58
2018-03-26,33.071,31.925,40.48,1.05,1.63,1.17
2018-03-27,35.987,32.406,39.13,1.18,0.81,1.81
2018-03-28,55.981,31.081,40.06,1.84,1.33,6.87
2018-03-29,34.404,31.546,41.8,2.32,0.36,8.73
2018-03-30,39.652,31.678,41.51,1.69,0.91,4.96
2018-03-31,45.984,31.264,40.15,1.54,0.76,1.84
2018-04-01,36.321,31.681,38.52,1.35,1.26,-0.14
2018-04-02,49.982,31.002,38.29,2.51,0.0,6.95
2018-04-03,39.236,31.897,39.06,1.94,0.0,7.13
2018-04-04,42.152,31.849,41.62,1.89,4.35,7.05
2018-04-05,43.402,31.654,42.21,1.75,0.33,4.78
2018-04-06,37.57,32.009,42.94,2.57,0.01,8.56
2018-04-07,43.568,31.796,48.93,2.28,3.61,9.66
2018-04-08,39.652,31.931,62.99,1.67,12.62,7.37
2018-04-09,47.317,31.436,65.43,0.96,15.15,2.98
2018-04-10,50.149,30.782,67.21,1.66,3.66,3.59
2018-04-11,47.234,31.368,67.84,1.28,24.83,1.21
2018-04-12,113.543,31.54,67.62,1.24,15.61,0.82
2018-04-13,85.553,31.421,69.89,1.76,1.0,4.36
2018-04-14,71.141,32.47,72.36,1.24,14.32,1.75
2018-04-15,78.139,31.849,71.7,1.45,0.74,4.07
2018-04-16,14.328,32.28,71.73,2.86,0.04,9.44
2018-04-17,17.661,32.243,71.41,1.49,1.59,6.53
2018-04-18,13.245,31.868,71.27,3.24,0.03,11.3
2018-04-19,5.081,32.214,80.39,3.6,0.58,12.09
2018-04-20,9.997,32.587,80.83,2.74,0.0,10.64
2018-04-21,56.73,32.426,80.88,3.42,0.0,10.97
2018-04-22,84.053,31.066,82.18,3.39,0.0,12.07
2018-04-23,53.481,32.273,87.09,3.07,0.0,13.62
2018-04-24,69.975,31.446,87.81,2.06,3.55,9.93
2018-04-25,75.806,30.604,88.6,4.0,0.04,14.01
2018-04-26,140.951,31.567,87.21,3.37,0.65,14.33
2018-04-27,152.53,32.048,123.31,3.48,0.0,12.64
2018-04-28,161.776,32.872,133.0,3.4,14.08,12.8
2018-04-29,193.265,32.476,128.97,2.27,5.29,8.89
2018-04-30,196.181,32.652,108.41,1.45,13.34,2.95
2018-05-01,181.52,32.613,98.81,2.03,0.31,2.56
2018-05-02,112.211,31.872,92.66,1.97,0.72,2.38
2018-05-03,121.707,31.843,89.63,3.23,2.38,7.16
2018-05-04,76.557,31.35,86.03,2.26,2.83,6.76
2018-05-05,92.218,32.638,82.81,2.63,0.32,8.7
2018-05-06,72.308,31.082,80.81,2.48,0.43,9.05
2018-05-07,67.726,31.287,112.13,3.08,0.49,12.1
2018-05-08,103.964,32.009,125.72,2.81,18.81,11.53
2018-05-09,169.773,31.801,99.42,2.7,0.8,10.57
2018-05-10,166.275,32.082,94.7,3.01,2.56,10.88
2018-05-11,147.532,32.587,91.13,2.58,2.22,9.1
2018-05-12,142.45,31.911,131.49,4.2,0.0,13.24
2018-05-13,139.534,32.053,121.05,2.39,26.67,7.04
2018-05-14,167.025,32.199,101.17,2.42,1.93,3.54
2018-05-15,151.614,31.054,94.19,2.36,0.58,5.17
2018-05-16,93.384,31.886,90.77,2.7,0.44,7.98
2018-05-17,97.883,32.058,88.55,2.96,0.39,9.81
2018-05-18,95.3,32.012,86.05,3.35,0.8,10.85
2018-05-19,78.306,31.794,84.91,3.15,1.38,11.11
2018-05-20,93.05,31.746,85.02,3.23,2.58,11.17
2018-05-21,96.05,33.085,85.9,2.81,3.81,10.56
2018-05-22,118.875,32.583,83.48,2.78,3.56,10.55
2018-05-23,118.292,32.521,82.99,2.99,2.34,10.7
2018-05-24,122.79,32.732,83.63,3.76,3.67,13.3
2018-05-25,136.869,32.418,81.1,4.13,0.09,14.1
2018-05-26,191.016,31.183,78.9,3.67,1.53,14.6
2018-05-27,192.183,31.09,86.33,3.57,0.1,14.3
2018-05-28,194.431,31.101,143.03,3.75,8.21,14.39
2018-05-29,190.433,32.358,132.27,2.6,30.02,11.6
2018-05-30,205.261,31.614,128.4,2.67,10.18,10.8
2018-05-31,187.184,32.244,122.38,2.36,11.74,9.19
2018-06-01,189.1,32.592,112.78,3.14,4.34,11.35
2018-06-02,178.188,32.283,109.7,3.85,1.23,13.38
2018-06-03,157.944,32.219,106.65,3.47,4.99,12.7
2018-06-04,144.949,31.306,107.81,2.73,1.06,11.39
2018-06-05,123.623,32.318,109.27,3.39,10.16,12.37
2018-06-06,133.12,33.009,115.31,2.99,5.42,11.07
2018-06-07,159.278,32.273,110.59,2.23,10.95,8.59
2018-06-08,180.437,31.587,104.75,3.08,2.2,10.71
2018-06-09,131.704,32.193,99.69,3.69,0.29,13.63
2018-06-10,139.951,31.979,115.56,3.46,1.23,14.69
2018-06-11,142.117,31.762,109.82,2.45,12.59,11.81
2018-06-12,166.608,31.876,106.01,3.38,1.01,12.33
2018-06-13,174.189,31.637,101.93,2.63,5.81,9.76
2018-06-14,175.855,31.933,95.69,3.38,1.4,11.28
2018-06-15,161.609,31.987,90.48,4.16,0.03,13.0
2018-06-16,135.952,32.196,86.14,3.88,0.52,13.97
2018-06-17,134.536,32.333,81.89,4.55,0.08,15.18
2018-06-18,115.043,31.861,77.75,4.77,0.0,15.53
2018-06-19,74.058,31.141,73.78,4.96,0.14,15.62
2018-06-20,97.466,31.554,69.99,5.43,0.0,17.7
2018-06-21,102.214,31.198,68.38,5.42,0.0,18.65
2018-06-22,93.967,31.613,68.48,4.95,0.07,19.17
2018-06-23,94.8,31.502,68.47,4.49,1.53,17.58
2018-06-24,103.047,31.201,67.99,4.49,1.07,17.19
2018-06-25,90.635,31.292,67.57,4.34,0.0,17.03
2018-06-26,66.227,31.042,67.57,5.22,0.0,18.34
2018-06-27,80.722,31.687,64.88,5.09,0.0,18.65
2018-06-28,86.636,31.371,58.33,5.15,0.31,19.82
2018-06-29,62.228,31.817,60.32,4.12,7.23,17.33
2018-06-30,74.14,30.722,52.6,4.5,0.27,17.31
2018-07-01,56.813,32.157,45.31,5.42,0.0,18.52
2018-07-02,85.137,30.777,42.62,5.16,0.0,19.46
2018-07-03,53.648,30.522,40.24,4.77,0.0,17.66
2018-07-04,49.649,30.583,38.31,5.2,0.54,18.24
2018-07-05,46.484,30.934,36.68,5.18,0.43,17.56
2018-07-06,50.982,30.835,35.29,4.15,0.78,14.63
2018-07-07,40.736,31.675,33.68,4.67,0.01,16.26
2018-07-08,49.316,31.807,35.23,5.2,1.12,18.24
2018-07-09,53.314,31.381,45.69,5.17,4.68,18.65
2018-07-10,56.314,30.73,47.53,4.75,6.51,17.36
2018-07-11,49.15,30.73,44.41,4.75,2.65,18.25
2018-07-12,49.732,30.73,63.7,4.3,13.88,16.67
2018-07-13,37.237,30.72,61.38,4.39,0.05,17.51
2018-07-14,50.732,30.631,51.1,4.34,0.11,19.25
2018-07-15,46.9,30.947,42.65,5.12,0.0,19.42
2018-07-16,36.404,31.818,46.72,5.24,0.55,18.95
2018-07-17,52.065,30.904,45.08,3.17,6.41,14.17
2018-07-18,52.981,30.707,40.65,4.92,0.02,16.95
2018-07-19,51.565,30.557,38.24,4.83,0.48,17.76
2018-07-20,37.57,31.582,36.28,5.5,0.03,19.35
2018-07-21,55.064,31.122,36.93,4.22,2.62,17.07
2018-07-22,55.647,30.692,36.0,3.3,1.49,14.51
2018-07-23,51.815,30.607,34.38,3.65,0.9,14.73
2018-07-24,49.399,30.633,33.15,5.43,0.02,18.78
2018-07-25,43.818,31.2,34.07,4.46,3.73,18.88
2018-07-26,52.565,30.965,34.33,4.63,3.13,19.03
2018-07-27,46.817,30.843,32.74,5.24,0.67,21.01
2018-07-28,33.905,31.353,30.85,4.75,0.0,20.82
2018-07-29,33.321,31.673,29.05,4.43,0.0,18.94
2018-07-30,35.654,31.24,27.39,5.22,0.0,20.45
2018-07-31,22.492,32.099,25.82,5.08,0.0,20.84
2018-08-01,38.153,31.844,24.3,4.91,0.0,20.93
2018-08-02,28.907,31.555,22.9,5.2,0.0,21.47
2018-08-03,29.406,31.391,21.64,5.37,0.07,22.22
2018-08-04,42.235,30.313,20.38,5.18,0.0,21.77
2018-08-05,12.912,31.649,21.35,5.31,0.02,21.88
2018-08-06,24.242,31.453,24.58,5.18,3.52,21.45
2018-08-07,35.988,30.77,25.89,4.9,2.4,21.04
2018-08-08,15.328,32.507,31.79,4.31,13.73,19.11
2018-08-09,29.406,32.232,33.76,3.79,4.88,18.4
2018-08-10,23.159,32.025,35.55,2.79,5.15,16.19
2018-08-11,24.075,31.933,37.43,3.07,0.04,15.71
2018-08-12,13.329,31.574,41.07,4.02,2.94,18.52
2018-08-13,6.998,32.039,55.05,3.92,16.07,17.98
2018-08-14,18.577,31.802,45.28,3.76,0.07,17.15
2018-08-15,26.407,31.622,41.33,3.49,0.0,15.45
2018-08-16,39.736,30.653,38.95,4.41,0.0,17.37
2018-08-17,15.995,31.796,47.69,3.72,3.91,17.98
2018-08-18,27.991,31.905,49.37,2.36,10.08,13.7
2018-08-19,38.153,31.185,42.27,3.11,0.08,14.75
2018-08-20,29.157,31.118,39.15,4.04,0.09,16.78
2018-08-21,30.906,31.008,36.92,4.02,0.02,17.46
2018-08-22,30.322,31.302,36.57,4.04,2.54,18.23
2018-08-23,32.988,31.154,40.89,3.68,3.09,17.51
2018-08-24,22.658,31.76,41.21,3.5,5.82,17.24
2018-08-25,30.822,31.898,37.07,3.37,0.07,15.4
2018-08-26,40.902,32.095,34.64,2.64,0.14,13.58
2018-08-27,48.483,30.86,32.51,3.53,0.02,15.51
2018-08-28,21.326,31.213,31.62,4.15,0.0,18.75
2018-08-29,25.657,31.422,38.81,3.67,7.8,18.87
2018-08-30,32.238,30.921,35.88,3.16,1.95,16.81
2018-08-31,24.492,31.293,33.47,2.84,0.08,16.31
2018-09-01,30.989,31.672,31.38,2.68,0.01,15.51
2018-09-02,42.735,31.736,29.48,2.84,0.0,16.06
2018-09-03,49.482,31.004,33.14,3.36,0.0,16.66
2018-09-04,33.821,31.938,57.73,3.16,11.82,16.61
2018-09-05,43.068,32.038,52.33,2.88,8.28,16.23
2018-09-06,44.152,32.113,64.93,2.61,15.26,14.67
2018-09-07,45.568,32.051,64.56,2.28,6.05,13.21
2018-09-08,41.153,32.28,61.65,2.53,0.98,14.19
2018-09-09,43.401,32.248,56.35,2.54,0.03,15.99
2018-09-10,47.483,31.9,48.41,2.26,3.38,15.25
2018-09-11,41.569,31.955,45.77,2.39,1.29,15.57
2018-09-12,38.736,32.482,43.33,2.54,0.07,16.34
2018-09-13,57.147,31.562,42.32,2.21,2.78,15.46
2018-09-14,45.9,31.036,40.08,2.84,0.04,16.63
2018-09-15,24.658,32.258,37.88,2.69,0.0,16.43
2018-09-16,41.819,31.7,35.75,2.04,0.0,15.33
2018-09-17,28.99,31.764,33.94,2.59,0.38,16.85
2018-09-18,28.324,31.278,33.66,2.35,0.02,16.43
2018-09-19,21.659,31.427,39.61,2.15,7.67,15.88
2018-09-20,28.324,30.96,35.6,2.23,0.12,16.36
2018-09-21,20.993,31.086,32.92,2.85,0.01,17.4
2018-09-22,20.91,31.282,30.9,2.55,0.0,17.26
2018-09-23,19.576,31.567,29.09,2.7,0.0,18.07
2018-09-24,15.411,31.959,27.45,2.87,0.02,18.4
2018-09-25,19.41,31.868,26.0,2.26,0.03,14.52
2018-09-26,14.578,32.098,24.58,1.95,0.0,13.58
2018-09-27,31.489,31.232,23.18,1.84,0.0,13.03
2018-09-28,26.491,31.731,21.85,2.3,0.0,15.04
2018-09-29,32.489,32.133,20.66,2.39,0.0,15.98
2018-09-30,37.737,31.638,20.9,1.94,2.26,14.75
2018-10-01,33.738,31.788,20.35,1.66,0.02,12.1
2018-10-02,18.327,31.259,19.24,1.57,0.0,9.19
2018-10-03,0.0,31.716,18.14,1.84,0.0,12.79
2018-10-04,0.0,32.033,17.14,1.85,0.0,12.65
2018-10-05,0.417,32.421,16.22,2.01,0.0,13.42
2018-10-06,4.998,32.65,15.36,1.7,0.0,12.68
2018-10-07,5.165,32.627,17.56,1.57,6.87,11.7
2018-10-08,7.498,32.339,20.44,1.03,2.07,7.69
2018-10-09,13.078,31.984,20.27,0.92,0.96,8.21
2018-10-10,13.579,31.797,22.85,0.99,6.34,10.05
2018-10-11,8.247,31.68,24.31,0.97,1.64,9.76
2018-10-12,0.0,31.923,23.29,1.04,0.29,12.6
2018-10-13,0.0,32.198,22.06,1.23,0.05,13.72
2018-10-14,0.25,32.416,59.17,1.13,1.09,14.56
2018-10-15,5.082,32.532,162.8,0.86,57.44,9.42
2018-10-16,25.657,31.918,72.13,0.71,1.0,7.64
2018-10-17,0.833,32.12,67.6,0.79,0.92,10.6
2018-10-18,9.164,32.157,67.6,0.9,1.78,10.99
2018-10-19,0.833,32.56,67.6,0.77,0.36,10.58
2018-10-20,9.164,32.477,67.6,0.85,1.48,12.49
2018-10-21,1.833,31.547,64.12,0.76,0.39,11.21
2018-10-22,21.409,31.453,57.21,0.82,0.0,12.01
2018-10-23,16.161,31.871,54.04,0.76,0.02,10.88
2018-10-24,27.907,31.262,51.1,0.67,0.02,11.21
2018-10-25,16.077,31.772,47.86,0.9,0.02,13.31
2018-10-26,19.66,32.201,39.35,0.88,0.02,13.72
2018-10-27,46.151,30.749,39.97,0.39,5.97,10.16
2018-10-28,15.661,31.631,40.75,0.34,6.33,1.13
2018-10-29,22.742,31.724,38.7,0.41,2.01,-1.71
2018-10-30,19.66,31.492,37.12,0.3,0.5,-1.67
2018-10-31,17.41,32.055,56.35,0.27,10.57,2.26
2018-11-01,33.238,31.974,52.3,0.38,17.75,1.06
2018-11-02,35.904,31.739,46.26,0.2,0.36,3.86
2018-11-03,34.738,32.218,43.83,0.29,0.25,4.28
2018-11-04,31.323,31.563,42.16,0.35,0.05,5.33
2018-11-05,24.825,31.933,52.41,0.37,0.0,7.88
2018-11-06,34.488,31.952,67.64,0.28,28.79,4.45
2018-11-07,39.153,31.776,67.62,0.22,3.49,2.91
2018-11-08,27.49,31.98,63.75,0.17,0.32,4.59
2018-11-09,2.999,31.118,67.65,0.23,15.64,4.63
2018-11-10,35.654,31.273,67.62,0.23,3.35,4.96
2018-11-11,31.489,30.843,67.62,0.13,0.77,6.7
2018-11-12,25.908,31.712,67.62,0.22,0.04,8.71
2018-11-13,24.575,31.338,67.62,0.24,0.02,8.73
2018-11-14,20.326,31.855,58.93,0.24,0.0,9.47
2018-11-15,23.909,31.71,54.29,0.2,0.0,8.51
2018-11-16,24.825,31.856,52.36,0.27,1.13,5.61
2018-11-17,44.734,31.068,50.66,0.13,0.31,7.43
2018-11-18,42.985,31.367,49.82,0.2,2.62,4.78
2018-11-19,54.231,31.205,48.09,0.19,1.33,2.67
2018-11-20,56.647,31.03,47.27,0.13,1.42,3.21
2018-11-21,52.565,30.948,46.71,0.18,6.12,1.09
2018-11-22,47.317,31.324,44.52,0.12,0.58,2.64
2018-11-23,40.402,32.007,43.22,0.12,0.01,2.62
2018-11-24,46.567,31.668,42.16,0.18,4.57,-0.03
2018-11-25,63.145,30.768,40.11,0.1,0.04,1.42
2018-11-26,53.981,30.839,38.25,0.1,0.52,1.22
2018-11-27,53.814,30.622,36.44,0.26,0.56,1.71
2018-11-28,51.899,30.771,35.05,0.37,0.04,3.67
2018-11-29,50.649,30.898,34.3,0.35,0.06,5.47
2018-11-30,46.567,31.026,33.38,0.38,0.51,5.24
2018-12-01,43.068,31.463,31.79,0.19,0.17,2.26
2018-12-02,53.815,30.766,30.27,0.21,0.08,3.85
2018-12-03,41.319,31.162,29.43,0.24,0.01,6.75
2018-12-04,45.067,31.188,28.69,0.2,0.02,7.1
2018-12-05,46.401,31.089,27.95,0.25,0.01,8.02
2018-12-06,48.649,30.394,27.27,0.29,0.03,7.76
2018-12-07,23.159,31.312,26.38,0.23,0.03,6.46
2018-12-08,24.158,31.257,25.42,0.25,0.15,5.07
2018-12-09,15.495,31.672,24.39,0.22,0.02,4.95
2018-12-10,21.409,31.828,23.79,0.43,0.19,6.72
2018-12-11,26.074,32.022,22.73,0.34,0.01,4.94
2018-12-12,26.491,31.918,21.62,0.34,0.02,5.01
2018-12-13,20.993,31.744,20.75,0.21,0.02,3.72
2018-12-14,20.826,31.365,20.37,0.24,4.42,1.35
2018-12-15,19.493,31.523,19.68,0.08,0.17,1.78
2018-12-16,24.408,31.458,21.42,0.2,0.18,4.22
2018-12-17,18.66,31.642,24.03,0.14,9.83,1.51
2018-12-18,26.657,31.351,22.67,0.11,0.1,1.21
2018-12-19,32.155,30.444,21.34,0.23,0.1,2.43
2018-12-20,11.913,31.319,20.22,0.2,0.1,1.75
2018-12-21,12.329,31.882,19.12,0.17,0.0,1.56
2018-12-22,25.825,30.945,18.34,0.21,0.01,3.7
2018-12-23,12.995,31.264,18.34,0.26,0.01,6.62
2018-12-24,13.328,31.776,18.41,0.26,0.01,7.33
2018-12-25,17.41,32.011,18.19,0.28,0.0,6.76
2018-12-26,21.409,31.493,17.65,0.28,0.01,5.97
2018-12-27,15.245,31.75,17.12,0.28,0.01,5.74
2018-12-28,18.41,31.734,16.44,0.31,0.02,4.47
2018-12-29,22.409,31.591,15.68,0.28,0.0,3.5
2018-12-30,17.077,31.887,15.04,0.33,0.01,4.0
2018-12-31,28.49,31.453,14.57,0.54,0.01,6.57
2019-01-01,22.825,31.938,14.16,0.54,0.01,6.17
2019-01-02,22.076,31.93,13.69,0.47,0.01,6.21
2019-01-03,31.822,30.899,13.15,0.61,0.01,5.0
2019-01-04,10.496,31.647,12.48,0.52,0.01,3.24
2019-01-05,37.904,31.5,11.79,0.43,0.01,2.62
2019-01-06,36.154,31.485,11.17,0.67,0.04,5.98
2019-01-07,27.407,31.323,10.69,0.86,0.0,5.9
2019-01-08,31.822,31.358,10.54,0.68,0.0,4.13
2019-01-09,30.239,31.43,10.51,0.38,0.08,3.66
2019-01-10,32.905,31.309,10.47,0.42,0.4,0.49
2019-01-11,31.989,31.19,10.44,0.49,0.08,-3.64
2019-01-12,30.573,31.249,10.43,0.51,0.0,-1.06
2019-01-13,15.661,31.9,10.4,0.39,0.01,2.62
2019-01-14,23.492,31.9,10.38,0.4,0.0,4.59
2019-01-15,29.073,31.906,10.36,0.35,0.01,4.4
2019-01-16,30.572,31.957,10.35,0.53,0.0,4.54
2019-01-17,37.237,31.761,10.35,0.37,0.02,2.54
2019-01-18,39.986,31.157,10.34,0.11,0.06,-1.42
2019-01-19,38.32,30.513,10.35,0.13,0.0,-1.7
2019-01-20,19.16,31.175,10.37,0.2,0.46,-0.44
2019-01-21,11.58,31.984,10.34,0.14,1.37,-0.03
2019-01-22,28.74,31.792,10.32,0.27,0.28,-2.99
2019-01-23,25.824,31.616,10.39,0.26,2.26,-2.72
2019-01-24,23.992,31.895,10.44,0.26,7.58,-4.91
2019-01-25,23.909,31.845,10.48,0.47,1.27,-4.94
2019-01-26,23.409,31.88,10.62,0.61,3.34,2.99
2019-01-27,27.573,31.654,10.58,0.31,0.25,3.9
2019-01-28,22.909,31.601,10.65,0.33,1.78,-0.08
2019-01-29,21.576,31.787,10.83,0.28,13.22,-2.49
2019-01-30,19.91,32.367,10.75,0.23,3.21,-3.03
2019-01-31,48.9,30.672,10.87,0.19,1.57,-2.29
2019-02-01,15.495,31.71,22.57,0.15,13.52,1.85
2019-02-02,21.743,31.892,21.42,0.1,7.26,-0.06
2019-02-03,30.239,31.432,18.34,0.29,3.01,-3.48
2019-02-04,32.072,31.003,17.19,0.65,0.29,-4.73
2019-02-05,21.076,30.989,19.48,0.68,3.87,3.76
2019-02-06,13.079,31.681,21.17,0.41,2.06,4.52
2019-02-07,35.571,30.91,22.15,0.33,0.16,5.58
2019-02-08,30.822,30.794,22.07,0.28,0.07,3.78
2019-02-09,28.657,30.743,21.66,0.29,0.03,4.31
2019-02-10,23.991,30.964,21.32,0.32,0.07,4.14
2019-02-11,15.161,31.678,20.91,0.38,0.06,3.94
2019-02-12,38.986,30.497,20.06,0.52,0.07,0.55
2019-02-13,37.237,30.066,19.59,0.59,0.0,3.97
2019-02-14,20.077,31.693,19.45,0.6,0.02,4.48
2019-02-15,41.569,30.72,19.46,0.77,0.05,5.25
2019-02-16,24.825,30.733,19.75,0.79,0.02,6.16
2019-02-17,13.329,32.067,19.92,0.75,0.0,5.54
2019-02-18,28.323,31.728,19.89,0.81,0.03,4.7
2019-02-19,31.989,30.812,19.6,0.69,0.03,4.11
2019-02-20,31.239,30.651,19.19,0.63,0.01,3.73
2019-02-21,23.075,31.121,18.96,0.63,0.0,4.56
2019-02-22,24.742,31.307,19.01,0.77,0.0,6.05
2019-02-23,31.988,30.784,19.99,1.02,0.0,9.09
2019-02-24,20.66,30.328,21.22,1.1,0.0,8.38
2019-02-25,16.578,30.885,21.26,0.95,0.0,6.87
2019-02-26,10.996,31.183,21.44,1.04,0.06,7.52
2019-02-27,0.0,31.463,22.25,1.2,0.0,9.57
2019-02-28,2.083,31.709,23.26,1.41,0.0,11.21
2019-03-01,25.657,31.58,23.14,1.22,0.0,8.43
2019-03-02,32.322,31.472,22.65,1.25,0.0,7.5
2019-03-03,24.658,31.498,21.91,1.22,0.0,7.37
2019-03-04,21.16,31.514,22.02,1.47,0.04,9.75
2019-03-05,22.825,32.017,21.45,1.1,0.0,6.2
2019-03-06,21.16,32.184,21.27,0.92,0.03,4.92
2019-03-07,22.492,31.916,25.21,0.85,8.4,3.34
2019-03-08,18.327,32.043,24.4,1.07,0.32,2.48
2019-03-09,32.405,31.508,23.27,1.12,0.05,4.68
2019-03-10,24.658,31.306,23.17,1.47,0.06,8.61
2019-03-11,12.08,31.774,23.01,1.65,0.04,9.21
2019-03-12,34.655,31.378,22.09,1.47,0.0,5.2
2019-03-13,29.989,31.391,21.41,1.55,0.01,6.72
2019-03-14,19.826,31.781,20.36,1.17,0.57,2.56
2019-03-15,27.824,31.113,19.59,1.58,0.0,6.49
2019-03-16,14.579,30.942,19.72,2.11,0.0,10.08
2019-03-17,9.33,31.226,20.18,2.55,0.02,12.1
2019-03-18,2.749,31.683,19.69,2.13,0.03,6.7
2019-03-19,11.746,32.363,18.71,1.55,0.12,2.6
2019-03-20,20.993,32.215,17.69,1.19,0.41,1.4
2019-03-21,31.073,31.493,16.78,1.64,0.05,2.22
2019-03-22,20.576,31.451,16.23,1.87,0.02,5.15
2019-03-23,16.077,31.913,15.95,2.16,0.0,7.95
2019-03-24,15.994,32.083,15.76,2.28,0.02,8.7
2019-03-25,5.998,32.34,15.53,2.4,0.03,9.0
2019-03-26,17.744,32.324,14.9,2.26,0.0,6.6
2019-03-27,26.574,32.086,14.2,2.28,0.01,3.89
2019-03-28,31.155,31.457,13.69,2.28,0.0,5.37
2019-03-29,11.412,32.328,13.39,2.2,0.02,5.82
2019-03-30,15.744,32.475,12.9,1.48,0.02,3.61
2019-03-31,11.912,31.896,12.57,2.12,0.02,5.63
2019-04-01,1.916,32.163,13.08,1.71,0.02,6.57
2019-04-02,23.159,31.964,15.44,1.75,2.43,7.22
2019-04-03,22.908,31.921,17.03,1.7,5.03,6.26
2019-04-04,0.0,32.158,17.45,0.94,3.34,-0.62
2019-04-05,0.833,32.25,17.06,1.82,0.12,1.92
2019-04-06,9.164,32.276,20.22,1.36,11.72,1.35
2019-04-07,1.333,32.495,20.82,1.22,6.71,0.33
2019-04-08,16.244,31.79,20.74,1.57,0.7,3.06
2019-04-09,18.743,31.911,22.13,2.0,0.6,5.94
2019-04-10,16.577,31.983,23.05,1.61,1.74,3.76
2019-04-11,21.992,31.498,22.55,1.69,1.15,3.8
2019-04-12,11.079,31.841,21.83,1.8,1.75,4.02
2019-04-13,11.163,32.207,21.52,2.55,0.31,4.8
2019-04-14,2.332,32.489,22.49,3.11,0.01,7.86
2019-04-15,7.331,32.342,26.75,2.32,1.58,9.09
2019-04-16,21.825,32.017,41.09,2.36,8.04,8.84
2019-04-17,21.659,31.788,33.02,1.96,0.29,7.46
2019-04-18,38.486,30.931,31.53,2.61,0.0,10.69
2019-04-19,21.742,31.406,31.26,2.38,0.0,10.78
2019-04-20,17.41,31.716,31.04,2.59,0.0,10.95
2019-04-21,1.833,31.948,31.21,2.38,3.42,8.11
2019-04-22,21.825,31.387,30.91,1.61,0.66,6.14
2019-04-23,20.243,31.522,33.19,2.15,1.15,8.7
2019-04-24,23.575,32.043,47.11,1.74,14.15,5.54
2019-04-25,28.656,31.548,56.76,1.7,24.52,3.97
2019-04-26,15.328,31.703,60.17,1.85,6.72,3.9
2019-04-27,29.239,31.203,59.71,2.63,0.48,5.51
2019-04-28,21.659,31.343,58.68,2.85,0.0,7.98
2019-04-29,29.49,31.222,57.56,3.2,0.0,8.66
2019-04-30,33.655,30.863,56.35,2.7,0.12,8.32
2019-05-01,19.826,31.537,55.13,3.36,0.01,9.65
2019-05-02,28.49,31.317,54.67,3.76,6.4,11.36
2019-05-03,24.658,31.582,55.3,2.08,5.38,8.09
2019-05-04,42.902,31.145,55.49,1.34,3.43,3.32
2019-05-05,41.402,31.003,54.98,2.72,0.24,4.51
2019-05-06,36.154,31.178,54.17,2.88,0.01,2.25
2019-05-07,47.65,30.338,53.19,3.78,0.0,9.05
2019-05-08,33.155,31.0,52.45,3.74,0.34,12.55
2019-05-09,35.654,31.2,51.8,2.28,3.98,8.2
2019-05-10,42.235,31.003,50.99,3.31,1.58,9.98
2019-05-11,34.404,31.311,50.2,3.28,0.18,12.26
2019-05-12,39.986,31.772,49.27,3.32,0.0,9.18
2019-05-13,50.482,30.703,48.17,4.09,0.01,9.34
2019-05-14,44.151,30.813,41.27,4.41,0.0,10.46
2019-05-15,35.404,31.727,38.15,4.73,0.0,13.37
2019-05-16,38.82,31.828,38.11,4.52,0.0,11.49
2019-05-17,24.825,32.04,47.02,4.18,13.93,10.9
2019-05-18,12.246,32.158,48.04,1.78,3.09,5.99
2019-05-19,15.245,32.221,47.64,2.32,2.29,4.76
2019-05-20,19.077,31.864,47.0,2.65,0.47,6.38
2019-05-21,31.989,31.411,46.26,2.99,1.36,7.6
2019-05-22,41.652,30.829,45.44,3.59,0.11,9.57
2019-05-23,27.491,31.59,44.79,3.84,0.05,11.59
2019-05-24,32.488,31.585,47.98,4.09,15.84,13.02
2019-05-25,27.824,31.508,50.98,1.67,12.89,7.72
2019-05-26,37.154,31.27,52.1,2.66,0.96,8.79
2019-05-27,38.819,31.367,52.38,3.12,0.11,9.32
2019-05-28,35.404,31.3,52.24,3.9,0.17,11.31
2019-05-29,19.493,32.111,51.69,3.25,0.22,8.69
2019-05-30,35.404,31.358,50.85,3.75,0.02,8.88
2019-05-31,28.49,31.44,49.83,4.86,0.04,13.23
2019-06-01,21.826,31.473,48.15,5.08,0.01,15.19
2019-06-02,8.747,31.861,43.04,5.3,0.0,16.66
2019-06-03,9.247,32.026,47.12,5.42,3.72,17.9
2019-06-04,42.735,31.382,44.26,4.45,0.08,16.75
2019-06-05,19.244,32.006,40.65,4.76,0.0,16.69
2019-06-06,33.821,31.422,45.16,2.76,4.65,8.92
2019-06-07,43.068,31.565,39.7,3.58,0.15,10.71
2019-06-08,43.985,31.631,35.3,3.59,0.53,9.99
2019-06-09,44.235,31.727,33.5,4.54,0.38,14.18
2019-06-10,46.567,31.487,32.15,3.8,0.41,14.54
2019-06-11,41.735,31.728,33.58,3.4,3.74,10.42
2019-06-12,40.569,32.164,35.61,1.67,7.73,3.59
2019-06-13,56.897,31.226,34.65,3.93,0.07,8.28
2019-06-14,43.901,31.313,33.63,4.26,0.01,13.68
2019-06-15,30.24,31.576,32.15,3.73,0.67,14.57
2019-06-16,10.663,31.788,30.39,3.99,0.01,12.4
2019-06-17,7.664,32.213,28.71,5.09,0.0,15.2
2019-06-18,14.745,32.203,27.21,5.19,0.0,17.58
2019-06-19,12.746,31.651,25.66,4.36,0.01,17.32
2019-06-20,21.16,31.259,28.96,5.1,0.39,16.88
2019-06-21,24.075,31.679,44.35,3.53,13.33,14.93
2019-06-22,35.237,31.581,37.55,2.97,2.76,12.6
2019-06-23,26.658,31.753,32.63,4.95,0.05,16.45
2019-06-24,22.659,31.197,30.25,5.44,0.0,19.67
2019-06-25,19.576,31.899,28.31,5.26,0.0,20.32
2019-06-26,24.991,31.571,26.54,6.29,0.0,23.0
2019-06-27,14.828,31.667,24.95,6.83,0.0,23.52
2019-06-28,22.992,31.415,23.51,6.91,0.01,24.95
2019-06-29,10.996,31.493,22.16,6.78,0.0,25.34
2019-06-30,0.0,31.771,20.93,6.75,0.05,24.94
2019-07-01,0.75,31.992,19.81,6.42,0.0,23.79
2019-07-02,9.58,31.859,18.77,5.78,0.0,21.67
2019-07-03,16.494,31.418,20.39,5.53,1.73,19.44
2019-07-04,22.075,31.498,22.72,5.2,4.37,19.43
2019-07-05,22.242,31.524,20.28,5.85,0.01,20.99
2019-07-06,15.828,32.048,18.84,5.86,0.0,21.72
2019-07-07,34.654,31.282,17.78,5.89,0.02,22.46
2019-07-08,20.909,31.508,17.36,5.06,0.02,21.54
2019-07-09,30.656,31.257,30.04,3.49,14.7,16.97
2019-07-10,27.241,31.174,30.66,3.43,4.32,14.95
2019-07-11,29.406,30.696,27.22,5.28,0.02,18.85
2019-07-12,22.992,30.947,25.21,5.65,0.0,20.82
2019-07-13,21.076,30.603,23.66,5.98,0.0,22.18
2019-07-14,0.0,30.887,35.34,5.4,0.0,21.75
2019-07-15,0.916,31.242,34.55,3.17,10.96,15.5
2019-07-16,12.495,31.779,28.13,5.01,0.01,16.21
2019-07-17,28.074,31.468,26.24,5.33,0.01,18.43
2019-07-18,18.66,31.739,26.0,3.79,3.02,16.95
2019-07-19,25.491,31.323,25.07,4.28,0.96,17.1
2019-07-20,19.077,31.713,23.6,5.64,0.1,20.1
2019-07-21,8.58,31.996,22.26,5.23,0.0,21.22
2019-07-22,6.831,32.28,20.94,5.47,0.0,22.22
2019-07-23,37.154,32.228,19.71,6.02,0.0,23.39
2019-07-24,29.906,31.57,18.58,5.94,0.0,23.81
2019-07-25,47.9,30.708,17.54,6.18,0.03,23.71
2019-07-26,13.995,32.141,16.84,5.72,0.11,22.24
2019-07-27,12.829,32.399,36.46,3.43,2.74,17.75
2019-07-28,0.833,32.693,51.55,2.45,23.12,12.27
2019-07-29,11.496,32.408,40.18,4.37,0.01,15.36
2019-07-30,28.406,32.414,34.64,5.26,0.0,18.83
2019-07-31,31.322,31.522,31.83,3.83,0.0,15.97
2019-08-01,14.161,32.026,29.71,4.51,0.09,18.4
2019-08-02,26.325,31.397,28.11,4.5,1.1,18.87
2019-08-03,17.827,32.281,26.6,4.73,0.01,19.06
2019-08-04,4.582,32.644,25.03,5.39,0.0,20.91
2019-08-05,2.916,32.808,23.61,5.36,0.0,21.52
2019-08-06,33.572,31.713,22.31,5.03,0.0,21.76
2019-08-07,18.744,31.907,27.96,4.84,0.0,21.41
2019-08-08,25.242,31.345,31.19,3.6,5.82,18.64
2019-08-09,7.331,32.704,24.91,4.54,0.06,20.95
2019-08-10,22.742,32.465,22.59,5.4,0.06,22.73
2019-08-11,28.407,31.797,21.29,4.25,0.26,20.71
2019-08-12,1.416,32.336,20.36,3.35,0.54,18.18
2019-08-13,17.577,32.617,19.45,3.19,0.07,13.88
2019-08-14,24.992,32.564,18.27,3.52,0.0,14.59
2019-08-15,33.988,32.269,17.19,4.78,0.01,18.05
2019-08-16,12.829,32.168,16.24,4.05,0.01,17.27
2019-08-17,21.659,32.372,15.3,4.82,0.0,19.41
2019-08-18,17.328,32.405,14.43,5.09,0.02,21.41
2019-08-19,11.496,32.445,16.58,4.8,0.07,21.24
2019-08-20,27.49,32.295,161.09,2.59,46.49,16.23
2019-08-21,22.658,32.39,80.48,2.22,17.04,12.37
2019-08-22,29.323,31.659,67.57,3.48,0.66,16.57
2019-08-23,22.658,32.069,67.56,3.88,0.09,17.03
2019-08-24,30.572,31.753,67.56,4.22,0.0,18.04
2019-08-25,35.238,30.823,62.48,4.15,0.0,18.64
2019-08-26,14.828,31.194,55.99,4.15,0.0,18.89
2019-08-27,3.998,32.479,53.21,3.27,1.0,17.58
2019-08-28,26.491,31.606,51.86,2.84,1.78,15.89
2019-08-29,32.655,31.726,49.67,3.57,0.05,17.62
2019-08-30,38.82,31.182,53.22,3.53,2.53,18.85
2019-08-31,25.491,31.771,48.85,3.9,7.2,18.93
2019-09-01,18.66,32.005,42.51,3.25,2.2,18.87
2019-09-02,3.999,32.049,40.83,2.59,0.71,17.18
2019-09-03,6.165,31.904,38.49,2.07,0.02,13.34
2019-09-04,30.239,31.595,36.19,3.58,0.0,16.96
2019-09-05,32.905,31.241,34.22,3.63,0.02,16.59
2019-09-06,30.573,30.433,32.37,2.25,0.01,11.26
2019-09-07,13.995,31.168,30.56,2.7,0.01,11.21
2019-09-08,3.499,31.57,28.89,2.93,0.0,12.65
2019-09-09,11.246,31.322,27.47,2.72,0.0,12.34
2019-09-10,33.904,31.108,28.15,2.45,4.21,12.31
2019-09-11,12.662,32.116,27.96,1.59,2.53,8.74
2019-09-12,30.489,31.431,26.79,2.16,0.05,12.6
2019-09-13,26.324,31.703,25.34,3.3,0.02,17.15
2019-09-14,40.986,32.152,24.52,2.29,0.38,16.08
2019-09-15,41.319,31.799,24.97,2.56,4.54,16.77
2019-09-16,45.234,31.324,24.18,2.49,0.15,17.52
2019-09-17,46.983,31.088,23.12,2.48,0.62,17.87
2019-09-18,36.987,31.641,26.04,2.77,1.79,18.13
2019-09-19,47.816,31.878,31.42,2.46,6.7,16.04
2019-09-20,43.318,31.98,30.54,2.14,3.43,15.32
2019-09-21,14.078,32.074,28.29,2.15,0.12,15.27
2019-09-22,13.745,31.921,27.44,1.73,1.89,14.25
2019-09-23,1.583,32.14,26.45,1.6,0.79,12.19
2019-09-24,18.41,32.03,24.95,1.93,0.01,12.77
2019-09-25,13.412,32.004,23.58,2.44,0.01,15.43
2019-09-26,29.49,31.702,22.28,1.74,0.0,12.89
2019-09-27,35.488,31.5,21.0,2.21,0.0,15.22
2019-09-28,39.237,31.502,19.89,2.32,0.0,15.46
2019-09-29,18.993,31.541,18.77,1.89,0.0,14.44
2019-09-30,9.163,31.649,17.71,2.55,0.0,16.66
2019-10-01,21.742,31.504,16.74,2.39,0.0,16.44
2019-10-02,18.576,31.243,16.45,2.19,0.67,14.8
2019-10-03,14.495,31.516,16.07,1.6,0.32,10.65
2019-10-04,19.493,31.705,15.21,1.54,0.0,13.8
2019-10-05,13.329,31.883,14.37,1.91,0.01,13.91
2019-10-06,5.748,32.072,13.63,1.77,0.01,14.38
2019-10-07,4.748,32.458,12.91,1.3,0.0,12.34
2019-10-08,23.242,31.683,12.18,1.47,0.0,14.21
2019-10-09,16.578,31.851,11.5,1.75,0.0,15.6
2019-10-10,32.988,30.965,10.9,1.32,0.0,12.37
2019-10-11,21.492,30.874,10.39,1.22,0.0,11.47
2019-10-12,15.661,31.7,10.28,1.72,0.0,15.32
2019-10-13,11.246,31.841,10.28,1.12,0.0,13.92
2019-10-14,4.415,32.163,11.93,1.11,0.03,14.04
2019-10-15,20.16,31.952,27.92,0.79,18.47,9.17
2019-10-16,22.687,31.786,24.01,0.87,0.24,6.85
2019-10-17,30.195,32.123,21.61,0.87,0.0,9.34
2019-10-18,29.087,31.447,20.15,0.79,0.09,10.09
2019-10-19,32.988,30.809,19.11,0.77,0.02,10.96
2019-10-20,30.739,30.393,50.52,0.77,11.71,11.6
2019-10-21,7.831,31.936,55.74,0.57,13.32,6.47
2019-10-22,28.74,31.507,183.92,0.53,0.42,6.13
2019-10-23,38.403,30.904,257.05,0.68,84.38,7.26
2019-10-24,50.149,30.743,109.45,0.52,4.77,6.09
2019-10-25,8.747,30.983,93.94,0.45,0.24,7.08
2019-10-26,18.16,31.948,87.18,0.5,0.05,11.27
2019-10-27,30.573,31.357,81.99,0.57,0.0,10.99
2019-10-28,26.407,31.049,77.47,0.45,0.01,11.95
2019-10-29,29.989,30.526,73.27,0.58,0.07,10.62
2019-10-30,18.66,30.982,69.27,0.4,0.0,11.65
2019-10-31,15.828,31.675,67.65,0.47,0.18,11.36
2019-11-01,25.407,31.809,73.88,0.49,2.92,8.95
2019-11-02,29.989,31.432,81.36,0.32,9.2,9.42
2019-11-03,28.156,31.108,78.5,0.44,8.58,7.71
2019-11-04,7.914,32.182,76.55,0.41,6.85,5.28
2019-11-05,6.415,32.255,76.72,0.25,7.94,5.12
2019-11-06,2.416,32.572,72.4,0.23,2.42,2.57
2019-11-07,26.574,30.656,69.03,0.24,0.72,3.45
2019-11-08,0.0,31.198,67.62,0.26,3.42,0.27
2019-11-09,0.0,31.657,67.61,0.2,3.6,-0.11
2019-11-10,0.0,32.093,67.61,0.23,1.56,2.23
2019-11-11,1.0,32.398,67.61,0.26,0.17,0.55
2019-11-12,11.163,31.73,67.61,0.39,0.35,3.2
2019-11-13,1.916,31.868,65.85,0.33,0.08,2.65
2019-11-14,1.583,32.159,60.94,0.25,3.29,2.95
2019-11-15,7.83,31.922,58.58,0.23,7.66,-2.72
2019-11-16,5.665,31.856,55.29,0.05,0.38,-3.26
2019-11-17,2.249,32.03,52.17,0.15,0.94,-0.9
2019-11-18,5.748,31.963,43.36,0.13,0.77,0.52
2019-11-19,13.329,31.212,39.89,0.19,0.73,-0.74
2019-11-20,5.498,31.168,38.0,0.32,0.39,0.52
2019-11-21,0.75,31.559,36.08,0.25,0.26,-0.06
2019-11-22,8.247,31.267,42.36,0.24,0.11,1.64
2019-11-23,0.666,31.773,65.67,0.15,30.1,1.98
2019-11-24,7.747,31.707,65.05,0.17,4.22,1.64
2019-11-25,4.665,31.937,59.75,0.21,0.08,3.1
2019-11-26,1.666,32.298,56.99,0.23,0.05,5.19
2019-11-27,8.58,31.856,62.07,0.27,7.4,7.16
2019-11-28,3.666,32.072,52.41,0.16,0.18,4.8
2019-11-29,1.5,32.444,48.99,0.24,0.94,5.32
2019-11-30,16.494,31.547,48.31,0.18,0.03,5.38
2019-12-01,0.333,32.07,53.61,0.19,6.67,4.83
2019-12-02,4.249,32.173,47.91,0.07,0.14,2.36
2019-12-03,6.415,32.127,44.73,0.15,0.04,1.84
2019-12-04,1.25,32.454,42.28,0.27,0.01,2.94
2019-12-05,13.745,31.664,40.41,0.28,1.01,3.78
2019-12-06,0.75,32.135,38.48,0.16,0.05,3.17
2019-12-07,8.58,31.975,36.6,0.15,0.01,4.02
2019-12-08,4.166,32.03,35.06,0.21,0.01,4.57
2019-12-09,6.248,32.014,33.94,0.21,0.26,4.67
2019-12-10,8.747,31.828,32.66,0.28,2.37,2.53
2019-12-11,5.498,31.718,31.58,0.54,0.03,5.62
2019-12-12,0.0,32.077,30.35,0.22,0.69,1.77
2019-12-13,2.166,32.572,42.5,0.09,17.66,0.0
2019-12-14,28.407,32.339,57.01,0.29,16.99,4.5
2019-12-15,55.481,31.915,45.28,0.13,0.21,5.14
2019-12-16,59.313,31.042,42.15,0.19,0.06,5.14
2019-12-17,42.069,31.712,40.93,0.4,0.55,5.49
2019-12-18,55.064,31.492,40.36,0.2,1.81,5.22
2019-12-19,63.894,30.247,42.88,0.11,0.08,4.3
2019-12-20,34.071,31.882,204.27,0.15,42.56,5.1
2019-12-21,83.221,31.093,115.65,0.11,20.47,3.91
2019-12-22,134.036,33.0,98.74,0.17,14.9,4.43
2019-12-23,174.938,32.927,88.67,0.21,2.04,2.71
2019-12-24,128.955,31.972,83.19,0.24,0.08,4.2
2019-12-25,106.629,30.358,79.3,0.22,0.06,5.88
2019-12-26,99.549,30.558,75.87,0.27,0.04,6.88
2019-12-27,62.311,30.615,72.21,0.22,0.02,4.72
2019-12-28,65.561,30.363,68.97,0.45,0.03,5.45
2019-12-29,60.229,30.687,67.62,0.38,0.05,5.42
2019-12-30,52.482,31.492,67.62,0.36,0.03,4.84
2019-12-31,57.563,31.065,67.62,0.42,0.02,6.15
2020-01-01,52.065,31.069,67.62,0.41,0.01,4.79
2020-01-02,43.068,31.692,67.62,0.33,0.02,3.21
2020-01-03,55.231,31.334,67.62,0.36,0.02,4.78
2020-01-04,57.563,30.809,63.64,0.26,0.05,2.81
2020-01-05,50.898,30.745,58.17,0.4,0.02,3.61
2020-01-06,31.156,32.454,55.84,0.47,0.02,5.35
2020-01-07,64.727,31.293,53.63,0.39,0.03,4.61
2020-01-08,50.899,31.33,46.24,0.45,0.04,5.75
2020-01-09,51.065,31.348,41.73,0.3,0.04,4.75
2020-01-10,61.562,30.386,40.22,0.22,0.64,4.25
2020-01-11,46.567,30.864,38.18,0.2,0.54,1.4
2020-01-12,52.814,30.582,36.19,0.45,0.05,2.58
2020-01-13,50.649,30.682,34.42,0.43,0.03,3.13
2020-01-14,47.734,31.457,32.68,0.4,0.0,2.57
2020-01-15,54.897,31.282,31.12,0.45,0.02,3.05
2020-01-16,43.068,30.837,29.51,0.36,0.02,2.39
2020-01-17,43.902,30.601,28.0,0.34,0.02,3.89
2020-01-18,43.068,30.83,26.8,0.25,0.65,1.18
2020-01-19,42.236,30.873,25.34,0.37,0.09,2.16
2020-01-20,24.075,31.363,23.9,0.72,0.05,-0.95
2020-01-21,36.82,31.505,23.42,0.93,0.01,1.26
2020-01-22,46.484,31.62,56.51,0.66,18.9,1.76
2020-01-23,57.897,32.208,67.75,0.26,41.26,1.22
2020-01-24,118.042,31.397,67.65,0.17,13.43,0.3
2020-01-25,63.645,31.218,60.86,0.13,1.37,1.66
2020-01-26,59.063,30.788,46.09,0.21,1.57,1.33
2020-01-27,48.816,31.118,43.39,0.21,1.02,1.22
2020-01-28,47.567,31.302,41.19,0.19,0.23,1.61
2020-01-29,53.565,31.113,39.79,0.26,0.47,3.13
2020-01-30,48.65,31.249,39.0,0.31,0.14,4.66
2020-01-31,44.401,31.213,39.01,0.23,0.06,5.6
2020-02-01,39.57,32.03,39.66,0.2,0.02,6.51
2020-02-02,56.23,31.037,40.91,0.26,0.22,7.13
2020-02-03,48.066,30.964,43.2,0.37,0.01,9.17
2020-02-04,47.9,30.501,45.55,0.38,0.02,9.24
2020-02-05,35.654,30.976,44.99,0.79,0.17,4.78
2020-02-06,32.739,31.252,43.47,0.7,0.01,4.24
2020-02-07,41.153,31.15,41.97,0.54,0.02,4.44
2020-02-08,42.652,31.032,40.58,0.38,0.01,3.73
2020-02-09,39.403,30.894,39.1,0.3,0.01,3.59
2020-02-10,40.32,30.356,38.19,0.34,0.0,5.49
2020-02-11,3.832,31.183,38.73,0.43,0.01,8.22
2020-02-12,45.901,31.082,38.42,0.4,0.02,6.94
2020-02-13,45.067,30.9,37.33,0.4,0.01,6.33
2020-02-14,45.401,31.053,36.37,0.35,0.0,6.1
2020-02-15,39.736,31.528,35.74,0.5,0.01,7.15
2020-02-16,47.233,31.549,35.48,0.75,0.02,8.37
2020-02-17,40.069,32.015,35.44,0.74,0.0,9.13
2020-02-18,51.566,31.18,34.72,0.71,0.01,6.6
2020-02-19,46.651,31.042,33.18,0.51,0.0,3.42
2020-02-20,42.402,30.748,31.97,0.65,0.0,4.66
2020-02-21,36.32,30.948,31.22,0.93,0.03,6.93
2020-02-22,39.736,30.933,30.62,0.94,0.01,7.32
2020-02-23,36.987,31.096,30.77,1.1,0.02,8.85
2020-02-24,37.903,31.342,31.35,1.27,0.02,10.3
2020-02-25,47.983,30.892,31.28,1.32,0.02,9.68
2020-02-26,47.9,30.578,29.93,0.82,0.06,5.94
2020-02-27,46.234,30.598,28.34,0.96,0.07,2.77
2020-02-28,38.154,31.135,27.77,0.92,1.17,6.1
2020-02-29,40.486,31.18,27.45,0.95,0.08,7.5
2020-03-01,46.65,31.014,27.88,0.87,0.42,6.27
2020-03-02,51.732,30.541,60.24,0.93,23.42,5.43
2020-03-03,29.157,32.036,62.17,0.81,7.04,0.91
2020-03-04,52.398,31.448,54.14,0.82,3.31,1.45
2020-03-05,46.567,31.489,53.21,0.99,1.35,7.27
2020-03-06,52.898,31.012,51.04,0.78,3.52,2.6
2020-03-07,51.149,30.749,42.35,0.91,3.92,-0.01
2020-03-08,42.318,31.302,40.93,1.21,2.02,3.02
2020-03-09,44.984,31.518,40.38,1.24,0.14,6.07
2020-03-10,36.237,32.303,39.41,1.33,0.31,3.99
2020-03-11,59.813,31.586,43.0,1.57,0.02,9.6
2020-03-12,47.65,31.837,46.34,2.25,0.06,13.12
2020-03-13,54.731,31.457,47.53,1.96,2.03,13.09
2020-03-14,51.232,31.342,46.07,1.12,0.19,7.75
2020-03-15,42.402,31.655,47.62,1.28,0.03,7.7
2020-03-16,37.903,32.318,66.38,1.54,20.6,7.94
2020-03-17,58.729,31.732,93.81,0.71,33.99,3.2
2020-03-18,56.397,31.448,79.05,1.06,0.49,6.13
2020-03-19,59.646,30.598,74.48,1.27,0.03,7.65
2020-03-20,45.567,31.089,71.36,1.76,0.01,7.75
2020-03-21,51.149,30.699,68.3,1.69,0.0,6.07
2020-03-22,41.485,31.419,67.61,1.83,0.0,6.57
2020-03-23,37.736,32.113,67.61,1.38,2.48,5.81
2020-03-24,56.147,31.37,67.61,1.22,2.32,4.99
2020-03-25,46.901,31.287,67.62,1.43,0.64,4.71
2020-03-26,46.234,31.57,67.61,0.94,2.82,-0.35
2020-03-27,49.399,31.283,67.6,1.08,0.83,-1.01
2020-03-28,52.898,30.568,67.6,1.56,0.11,3.85
2020-03-29,40.153,30.852,62.47,1.61,0.06,4.97
2020-03-30,33.238,31.714,59.64,1.74,3.62,5.3
2020-03-31,58.147,31.302,59.37,0.96,4.9,0.5
2020-04-01,60.395,31.049,57.9,1.26,5.39,3.91
2020-04-02,63.894,30.557,54.41,1.26,6.03,4.64
2020-04-03,52.482,31.3,52.47,1.1,0.81,3.53
2020-04-04,57.397,31.431,51.29,1.79,0.09,5.25
2020-04-05,51.482,31.657,50.13,2.84,0.01,7.48
2020-04-06,56.73,31.62,48.35,2.56,0.0,7.64
2020-04-07,54.148,31.548,48.58,1.94,0.0,8.45
2020-04-08,56.563,30.817,55.12,1.45,4.4,5.72
2020-04-09,62.895,31.463,65.58,2.21,7.48,8.17
2020-04-10,62.728,31.682,62.32,2.6,0.75,9.15
2020-04-11,70.225,31.29,53.57,2.56,0.03,9.32
2020-04-12,62.228,31.61,50.91,2.07,0.01,8.56
2020-04-13,65.06,31.49,50.12,1.92,0.01,6.77
2020-04-14,65.644,31.364,50.38,1.55,5.38,6.38
2020-04-15,61.312,31.218,49.28,2.3,0.14,8.88
2020-04-16,53.981,31.548,52.04,2.5,4.5,9.47
2020-04-17,54.897,31.693,50.29,2.27,0.05,9.24
2020-04-18,63.478,31.152,49.09,2.44,0.01,10.77
2020-04-19,47.567,32.072,50.46,2.65,1.51,11.67
2020-04-20,54.897,32.284,60.72,1.98,8.56,9.98
2020-04-21,65.56,32.033,67.6,1.59,8.49,8.91
2020-04-22,72.558,32.332,67.61,1.32,10.02,6.87
2020-04-23,77.722,31.613,67.61,1.95,0.48,9.05
2020-04-24,63.978,31.791,67.17,2.14,1.24,9.66
2020-04-25,63.645,30.968,67.13,2.77,3.94,10.59
2020-04-26,60.009,31.498,67.75,2.71,4.97,11.06
2020-04-27,60.888,31.482,67.81,2.19,6.31,10.26
2020-04-28,66.06,31.652,67.61,1.79,8.2,6.66
2020-04-29,56.48,32.017,67.6,2.51,0.22,7.09
2020-04-30,62.228,32.2,67.6,3.25,0.23,9.25
2020-05-01,64.977,32.067,67.59,2.98,0.17,8.73
2020-05-02,65.394,31.741,67.58,3.36,2.71,11.02
2020-05-03,68.559,31.052,67.58,3.95,0.03,12.82
2020-05-04,52.814,31.871,67.58,4.37,0.0,14.56
2020-05-05,52.815,32.21,67.59,4.56,0.0,16.62
2020-05-06,75.723,32.21,67.58,3.5,0.01,13.28
2020-05-07,103.63,32.193,67.59,4.36,0.01,14.25
2020-05-08,78.14,32.017,67.58,4.21,0.0,14.73
2020-05-09,80.555,32.223,64.56,4.12,0.06,13.8
2020-05-10,87.635,32.316,64.8,3.48,0.32,13.79
2020-05-11,94.884,31.785,67.6,1.47,24.64,7.72
2020-05-12,94.134,32.424,67.7,2.31,2.52,7.91
2020-05-13,96.133,31.563,67.63,2.95,12.07,10.12
2020-05-14,99.465,31.298,89.21,2.71,0.14,9.17
2020-05-15,113.876,31.753,102.4,2.01,13.93,8.51
2020-05-16,93.467,32.157,96.4,2.56,10.03,8.93
2020-05-17,121.124,32.531,86.03,2.4,1.35,8.69
2020-05-18,119.958,32.2,81.06,3.88,0.04,10.23
2020-05-19,87.552,32.098,77.11,4.41,0.0,12.25
2020-05-20,94.217,32.154,74.08,4.89,0.0,13.55
2020-05-21,94.134,31.855,71.31,5.19,0.0,15.56
2020-05-22,64.561,31.723,68.82,4.94,0.0,16.83
2020-05-23,88.552,32.09,67.57,5.35,0.0,17.84
2020-05-24,152.279,32.095,67.58,4.24,0.37,16.5
2020-05-25,60.895,32.163,67.59,3.84,0.0,15.58
2020-05-26,100.797,32.297,67.58,3.54,0.85,14.65
2020-05-27,65.644,32.109,67.58,4.25,0.0,15.54
2020-05-28,64.394,31.665,67.57,4.19,2.78,14.77
2020-05-29,87.719,31.803,67.57,4.17,1.9,14.58
2020-05-30,52.898,32.626,67.57,4.48,1.43,15.12
2020-05-31,61.812,31.593,65.77,4.42,0.02,14.86
2020-06-01,49.233,31.607,67.54,4.18,11.82,14.54
2020-06-02,52.399,31.552,67.61,3.39,12.52,13.36
2020-06-03,59.812,32.427,67.61,4.07,4.9,15.27
2020-06-04,87.719,32.088,67.6,2.85,3.98,11.94
2020-06-05,52.898,32.343,67.58,2.39,4.54,8.86
2020-06-06,61.062,31.751,77.1,3.93,0.05,12.83
2020-06-07,43.901,32.098,123.46,3.92,17.33,13.07
2020-06-08,88.468,32.219,91.2,2.33,12.63,8.52
2020-06-09,103.63,32.617,81.42,3.06,1.24,8.19
2020-06-10,86.803,32.169,76.1,3.01,1.05,8.46
2020-06-11,61.895,31.355,116.95,3.42,3.61,10.07
2020-06-12,55.647,32.203,143.61,2.27,30.33,8.76
2020-06-13,118.042,32.424,98.38,3.48,0.55,9.3
2020-06-14,119.208,32.033,89.48,3.76,0.52,10.3
2020-06-15,116.626,32.037,83.57,3.49,0.09,12.15
2020-06-16,61.729,31.744,84.37,3.98,1.56,13.35
2020-06-17,98.632,31.363,82.33,2.21,6.84,8.92
2020-06-18,52.981,31.573,78.09,3.41,1.81,10.58
2020-06-19,73.391,32.365,74.8,3.46,1.32,12.13
2020-06-20,55.563,32.308,71.04,3.62,0.94,13.47
2020-06-21,51.482,32.241,68.59,4.33,0.02,15.24
2020-06-22,56.48,31.792,68.27,5.3,0.01,16.64
2020-06-23,51.149,31.578,67.99,5.37,0.01,17.61
2020-06-24,51.732,31.533,68.4,5.79,0.01,18.66
2020-06-25,40.236,32.472,93.2,5.02,13.01,18.21
2020-06-26,63.644,31.521,91.09,5.12,18.33,17.79
2020-06-27,49.066,31.76,74.91,4.68,0.02,17.02
2020-06-28,49.982,31.842,69.09,5.03,0.01,17.86
2020-06-29,49.482,31.561,67.64,4.54,0.06,18.43
2020-06-30,44.318,31.908,67.59,4.29,0.05,18.88
2020-07-01,48.15,31.989,67.69,4.57,0.8,19.38
2020-07-02,49.566,31.917,68.64,5.08,4.49,19.32
2020-07-03,46.4,32.392,68.56,3.42,9.4,15.51
2020-07-04,61.062,31.959,68.0,4.09,0.03,14.23
2020-07-05,51.399,31.799,67.56,5.58,0.02,17.12
2020-07-06,55.48,31.373,67.56,6.01,0.0,18.79
2020-07-07,50.065,31.628,65.21,5.49,0.0,18.06
2020-07-08,50.815,31.735,51.9,5.6,0.0,18.29
2020-07-09,49.483,31.867,44.52,5.71,0.02,20.2
2020-07-10,53.065,31.596,45.92,4.81,1.05,20.13
2020-07-11,34.322,32.547,49.37,4.16,7.77,17.9
2020-07-12,58.48,31.427,45.79,4.84,0.36,18.2
2020-07-13,41.735,31.69,53.79,3.88,3.12,17.0
2020-07-14,39.069,32.439,52.99,3.83,5.76,16.16
2020-07-15,40.652,32.168,46.75,3.64,1.82,14.85
2020-07-16,47.983,31.685,43.22,3.34,0.0,13.91
2020-07-17,47.566,31.425,40.49,4.87,0.02,16.79
2020-07-18,42.985,31.582,38.12,4.65,0.0,15.85
2020-07-19,42.569,31.521,35.92,5.76,0.0,18.36
2020-07-20,38.404,31.717,34.03,5.68,0.07,19.91
2020-07-21,42.902,31.337,32.61,4.91,0.69,19.21
2020-07-22,41.902,31.198,30.92,5.52,0.01,21.23
2020-07-23,40.819,31.293,29.28,4.89,0.05,20.77
2020-07-24,38.486,31.368,29.79,5.06,5.27,18.85
2020-07-25,32.488,31.877,29.73,4.58,0.22,17.65
2020-07-26,26.241,31.662,28.02,5.27,0.0,18.93
2020-07-27,19.993,32.03,26.38,5.36,0.0,20.34
2020-07-28,40.569,31.078,25.46,6.15,1.19,23.73
2020-07-29,25.241,31.521,24.54,5.19,0.02,21.63
2020-07-30,28.157,31.755,23.15,5.16,0.01,21.73
2020-07-31,30.489,31.767,21.74,5.74,0.0,23.19
2020-08-01,33.488,31.336,20.48,6.17,0.0,23.21
2020-08-02,6.081,31.848,19.42,5.2,0.0,22.01
2020-08-03,8.248,31.936,18.39,4.08,0.01,18.25
2020-08-04,22.658,31.992,17.3,4.34,0.0,15.48
2020-08-05,30.072,31.887,16.27,4.96,0.0,16.06
2020-08-06,30.406,31.776,15.3,5.61,0.0,19.5
2020-08-07,24.742,32.032,14.42,5.81,0.0,21.86
2020-08-08,30.989,31.751,13.62,5.41,0.09,24.13
2020-08-09,9.414,32.057,27.78,5.6,1.45,23.36
2020-08-10,13.912,31.682,42.09,4.25,12.68,20.64
2020-08-11,13.078,31.618,27.81,3.54,0.39,19.43
2020-08-12,14.245,31.938,24.29,3.6,0.03,20.43
2020-08-13,16.911,32.038,24.84,3.35,3.99,16.72
2020-08-14,16.244,32.11,23.49,4.0,0.03,17.8
2020-08-15,17.66,32.002,22.09,3.92,0.0,18.22
2020-08-16,2.749,32.043,21.7,3.61,1.57,18.46
2020-08-17,1.583,32.17,20.87,3.37,0.01,15.99
2020-08-18,19.326,32.029,19.98,3.38,0.41,17.02
2020-08-19,21.992,31.693,18.86,2.3,0.02,15.32
2020-08-20,10.996,31.753,17.64,4.73,0.0,19.72
2020-08-21,11.996,32.113,16.64,4.94,0.05,20.64
2020-08-22,22.076,32.016,15.77,4.59,0.0,21.5
2020-08-23,10.996,31.869,14.95,3.25,0.0,18.35
2020-08-24,1.25,31.949,14.11,3.56,0.0,17.19
2020-08-25,15.745,31.73,13.28,3.56,0.0,17.31
2020-08-26,24.825,31.786,12.5,4.71,0.0,20.81
2020-08-27,33.738,31.165,11.77,4.27,0.0,21.1
2020-08-28,28.407,31.011,19.19,4.45,0.02,21.01
2020-08-29,1.25,32.313,56.25,2.23,22.68,15.06
2020-08-30,15.078,31.984,44.41,2.08,3.22,9.95
2020-08-31,16.327,31.618,40.04,2.51,3.05,10.07
2020-09-01,20.659,31.908,37.17,3.37,0.01,12.93
2020-09-02,27.157,31.672,34.74,2.53,0.02,13.0
2020-09-03,18.994,31.743,32.56,3.23,0.01,13.38
2020-09-04,28.49,31.087,27.18,3.9,0.0,16.26
2020-09-05,11.913,31.948,24.12,4.04,0.01,18.0
2020-09-06,10.496,32.145,22.91,3.87,0.0,18.21
2020-09-07,5.581,32.118,23.65,2.97,2.5,14.44
2020-09-08,13.246,32.417,22.79,2.74,0.0,10.62
2020-09-09,27.824,32.251,23.18,2.88,2.57,14.77
2020-09-10,36.404,31.959,24.65,1.93,4.41,13.03
2020-09-11,30.989,32.205,23.25,2.39,0.11,14.4
2020-09-12,38.486,31.416,21.84,3.32,0.03,16.04
2020-09-13,0.167,31.817,20.59,3.45,0.0,17.34
2020-09-14,3.748,31.872,19.42,3.51,0.0,17.61
2020-09-15,23.492,31.562,18.38,3.35,0.0,17.29
2020-09-16,28.74,31.618,17.42,2.85,0.01,17.4
2020-09-17,25.908,31.927,16.8,2.97,0.68,17.84
2020-09-18,24.824,31.885,22.8,2.35,0.04,17.07
2020-09-19,21.826,31.722,52.48,1.49,24.68,12.89
2020-09-20,8.997,31.762,38.15,1.78,2.11,12.12
2020-09-21,10.663,31.897,36.46,2.48,0.12,14.09
2020-09-22,28.407,31.872,38.64,1.52,7.02,11.19
2020-09-23,23.408,31.874,36.36,1.67,1.52,11.88
2020-09-24,38.819,31.58,34.12,2.01,0.06,13.06
2020-09-25,37.154,31.452,32.38,1.52,0.38,9.4
2020-09-26,37.57,31.324,33.19,1.46,8.39,3.72
2020-09-27,21.992,32.051,40.87,1.36,9.15,5.51
2020-09-28,23.475,32.238,37.99,1.96,0.19,6.96
2020-09-29,40.303,31.703,37.03,1.99,0.01,10.6
2020-09-30,45.984,30.86,36.87,1.74,0.0,12.27
2020-10-01,,,36.02,2.24,0.0,13.0
2020-10-02,,,55.74,1.65,6.21,11.8
2020-10-03,,,63.58,0.76,22.32,3.85
2020-10-04,,,63.06,0.91,1.56,3.77
2020-10-05,,,60.11,0.93,1.25,4.59
2020-10-06,,,56.59,1.4,0.03,7.18
2020-10-07,,,48.29,1.48,0.86,11.78
2020-10-08,,,45.96,1.38,0.53,11.6
2020-10-09,,,43.79,1.68,0.0,13.36
2020-10-10,,,43.19,1.34,0.02,13.19
2020-10-11,,,42.02,0.86,3.49,7.54
2020-10-12,,,39.95,1.09,4.01,4.17
2020-10-13,,,39.43,1.14,3.95,5.12
2020-10-14,,,39.29,1.03,0.13,6.07
2020-10-15,,,38.38,0.66,3.21,3.38
2020-10-16,,,36.49,0.74,0.21,1.82
2020-10-17,,,34.92,1.0,0.06,4.23
2020-10-18,,,33.98,1.0,0.01,6.93
2020-10-19,,,33.22,1.02,0.0,8.05
2020-10-20,,,32.58,1.1,0.03,9.78
2020-10-21,,,33.2,1.08,1.96,9.57
2020-10-22,,,50.21,0.97,6.32,11.77
2020-10-23,,,62.17,0.66,18.3,8.93
2020-10-24,,,51.59,0.51,0.76,6.74
2020-10-25,,,49.78,0.66,0.0,7.33
2020-10-26,,,61.86,0.41,10.08,6.46
2020-10-27,,,52.9,0.41,0.55,3.26
2020-10-28,,,47.82,0.36,0.03,6.11
2020-10-29,,,45.23,0.47,0.0,8.37
2020-10-30,,,42.88,0.49,0.01,9.92
2020-10-31,,,40.66,0.7,0.0,12.08
2020-11-01,,,38.48,0.9,0.01,11.86
2020-11-02,,,36.39,0.78,0.01,12.19
2020-11-03,,,38.14,0.68,0.04,12.8
2020-11-04,,,48.24,0.47,18.34,6.49
2020-11-05,,,45.92,0.38,3.92,3.97
2020-11-06,,,51.24,0.4,6.21,8.95
2020-11-07,,,59.89,0.5,0.29,10.19
2020-11-08,,,66.04,0.46,33.16,6.85
2020-11-09,,,65.64,0.18,0.03,6.43
2020-11-10,,,65.43,0.21,0.02,7.0
2020-11-11,,,65.26,0.22,0.06,5.98
2020-11-12,,,65.11,0.33,0.01,7.07
2020-11-13,,,63.89,0.34,0.01,7.54
2020-11-14,,,60.59,0.32,0.0,6.97
2020-11-15,,,57.24,0.37,0.0,7.26
2020-11-16,,,54.23,0.33,0.14,8.42
2020-11-17,,,51.38,0.2,0.01,7.57
2020-11-18,,,48.05,0.55,0.0,9.82
2020-11-19,,,39.45,0.58,0.01,9.83
2020-11-20,,,36.58,0.56,0.04,7.21
2020-11-21,,,34.54,1.31,0.01,4.03
2020-11-22,,,32.67,0.95,0.0,5.69
2020-11-23,,,30.92,0.67,0.01,6.24
2020-11-24,,,29.23,0.56,0.0,6.06
2020-11-25,,,27.63,0.43,0.0,4.84
2020-11-26,,,26.22,0.38,0.08,4.33
2020-11-27,,,25.69,0.19,1.41,4.78
2020-11-28,,,24.9,0.23,0.95,4.28
2020-11-29,,,23.9,0.17,0.55,3.57
2020-11-30,,,22.71,0.17,0.02,5.02
2020-12-01,,,21.57,0.25,0.04,4.94
2020-12-02,,,20.39,0.13,0.26,0.96
2020-12-03,,,19.27,0.62,0.02,-0.76
2020-12-04,,,18.39,0.44,1.01,1.19
2020-12-05,,,17.57,0.15,1.22,-3.18
2020-12-06,,,16.64,0.14,1.05,-2.51
2020-12-07,,,16.02,0.14,1.14,-1.67
2020-12-08,,,15.59,0.08,3.0,-1.76
2020-12-09,,,14.79,0.14,0.9,-1.57
2020-12-10,,,14.51,0.28,1.17,-0.99
2020-12-11,,,16.2,0.14,8.09,0.73
2020-12-12,,,17.7,0.12,6.9,1.79
2020-12-13,,,18.13,0.18,5.22,0.61
2020-12-14,,,19.06,0.65,0.29,4.94
2020-12-15,,,20.44,0.39,1.24,5.39
2020-12-16,,,20.77,0.09,0.57,2.38
2020-12-17,,,20.05,0.31,0.05,2.86
2020-12-18,,,19.28,0.33,0.02,3.35
2020-12-19,,,18.56,0.21,0.01,3.3
2020-12-20,,,18.5,0.15,2.05,3.7
2020-12-21,,,18.25,0.15,0.22,2.39
2020-12-22,,,18.29,0.2,0.3,3.97
2020-12-23,,,18.44,0.39,0.03,6.45
2020-12-24,,,18.51,0.28,0.02,5.5
2020-12-25,,,17.72,0.09,0.15,0.51
2020-12-26,,,16.74,0.39,0.67,-3.69
2020-12-27,,,15.92,0.77,0.28,-3.17
2020-12-28,,,15.38,0.46,1.12,-2.2
2020-12-29,,,14.64,0.14,1.79,-2.47
2020-12-30,,,13.83,0.1,0.57,-2.88
2020-12-31,,,13.11,0.11,0.77,-2.99
2021-01-01,,,12.48,0.08,0.24,-2.08
2021-01-02,,,11.88,0.07,0.17,-2.72
2021-01-03,,,11.23,0.24,0.03,-4.67
2021-01-04,,,10.68,0.38,0.05,-4.16
2021-01-05,,,10.38,0.13,0.02,-5.49
2021-01-06,,,10.36,0.12,0.1,-5.82
2021-01-07,,,10.35,0.2,0.14,-4.17
2021-01-08,,,10.34,0.14,0.0,-5.73
2021-01-09,,,10.66,0.35,1.04,-2.49
2021-01-10,,,11.62,0.24,12.14,-2.33
2021-01-11,,,11.26,0.17,6.7,-3.94
2021-01-12,,,10.93,0.32,1.66,-3.13
2021-01-13,,,10.97,0.63,0.93,-0.46
2021-01-14,,,12.32,0.73,0.55,2.56
2021-01-15,,,13.97,0.86,0.31,2.49
2021-01-16,,,14.33,0.71,0.27,-0.14
2021-01-17,,,14.47,1.0,0.23,2.01
2021-01-18,,,15.04,0.47,0.55,1.46
2021-01-19,,,14.79,0.48,0.01,1.14
2021-01-20,,,14.5,0.62,0.01,1.86
2021-01-21,,,14.55,0.37,1.5,1.57
2021-01-22,,,18.08,0.12,4.43,2.0
2021-01-23,,,20.53,0.24,8.13,-0.31
2021-01-24,,,20.26,0.19,5.64,-0.65
2021-01-25,,,19.74,0.24,1.13,1.06
2021-01-26,,,19.14,0.18,0.15,0.56
2021-01-27,,,20.89,0.49,2.52,3.27
2021-01-28,,,24.98,0.53,2.72,6.48
2021-01-29,,,26.46,0.37,0.01,7.09
2021-01-30,,,27.15,0.4,0.54,6.22
2021-01-31,,,27.36,0.33,4.77,2.28
2021-02-01,,,28.91,0.3,6.66,4.47
2021-02-02,,,29.52,0.46,1.81,5.49
2021-02-03,,,29.84,0.37,0.0,7.02
2021-02-04,,,29.69,0.47,0.05,7.05
2021-02-05,,,29.45,0.5,0.07,7.41
2021-02-06,,,29.99,0.56,0.07,8.93
2021-02-07,,,30.42,0.46,3.45,4.03
2021-02-08,,,29.35,0.26,0.36,1.2
2021-02-09,,,29.44,0.38,2.24,-0.19
2021-02-10,,,29.91,0.34,6.97,-0.3
2021-02-11,,,28.72,0.3,1.36,0.79
2021-02-12,,,29.35,0.51,0.08,5.51
2021-02-13,,,30.66,0.45,4.4,2.97
2021-02-14,,,29.72,0.44,0.11,3.39
2021-02-15,,,28.5,0.4,0.42,2.8
2021-02-16,,,27.88,0.52,0.0,4.5
2021-02-17,,,27.78,0.64,0.01,6.2
2021-02-18,,,27.02,0.63,0.01,6.05
2021-02-19,,,26.42,0.86,0.02,6.27
2021-02-20,,,25.63,0.95,0.01,5.96
2021-02-21,,,25.11,1.13,0.0,6.96
2021-02-22,,,45.64,1.56,4.95,7.65
2021-02-23,,,48.84,0.58,18.43,4.18
2021-02-24,,,40.82,0.62,0.82,5.44
2021-02-25,,,38.2,0.88,0.01,6.34
2021-02-26,,,36.88,0.85,0.08,7.29
2021-02-27,,,35.6,0.85,0.0,6.87
2021-02-28,,,34.47,1.02,0.4,4.97
2021-03-01,,,33.57,0.63,2.21,1.54
2021-03-02,,,32.89,1.07,0.29,4.97
2021-03-03,,,31.65,0.94,0.02,4.82
2021-03-04,,,30.38,0.83,0.0,5.43
2021-03-05,,,29.6,0.81,0.0,5.39
2021-03-06,,,30.51,0.87,3.98,5.48
2021-03-07,,,30.46,0.76,2.71,3.1
2021-03-08,,,29.18,0.78,0.19,2.69
2021-03-09,,,27.88,0.88,0.42,3.09
2021-03-10,,,26.42,0.86,0.19,0.73
2021-03-11,,,25.65,1.57,0.01,5.8
2021-03-12,,,25.51,1.64,0.0,7.75
2021-03-13,,,24.54,1.04,0.46,2.27
2021-03-14,,,23.36,1.75,0.07,4.48
2021-03-15,,,22.12,1.55,0.09,2.29
2021-03-16,,,21.04,1.99,0.03,4.68
2021-03-17,,,20.05,2.06,0.17,5.94
2021-03-18,,,19.12,1.92,0.33,3.15
2021-03-19,,,18.17,1.6,0.3,0.96
2021-03-20,,,17.13,1.12,0.41,-1.2
2021-03-21,,,16.12,1.94,0.08,0.02
2021-03-22,,,15.24,2.23,0.14,2.42
2021-03-23,,,14.54,2.36,0.02,3.32
2021-03-24,,,14.6,2.56,0.0,6.52
2021-03-25,,,15.13,2.62,0.0,8.22
2021-03-26,,,15.52,2.42,0.01,8.03
2021-03-27,,,15.72,2.07,0.02,7.97
2021-03-28,,,15.47,1.44,0.0,5.49
2021-03-29,,,15.96,2.73,0.0,8.76
2021-03-30,,,16.68,2.74,0.0,9.82
2021-03-31,,,17.72,2.73,0.0,10.74
2021-04-01,,,18.75,2.86,0.0,10.33
2021-04-02,,,19.45,2.87,0.0,11.44
2021-04-03,,,19.71,2.84,0.47,11.04
2021-04-04,,,19.29,2.72,0.04,7.67
2021-04-05,,,18.53,2.4,0.0,6.7
2021-04-06,,,17.89,3.12,0.0,8.21
2021-04-07,,,17.19,2.71,0.0,4.7
2021-04-08,,,16.39,2.26,0.0,3.46
2021-04-09,,,16.35,2.45,0.0,6.74
2021-04-10,,,17.25,1.59,3.76,4.85
2021-04-11,,,18.65,1.62,0.09,5.83
2021-04-12,,,22.38,1.24,8.79,2.23
2021-04-13,,,20.64,2.4,0.1,3.58
2021-04-14,,,20.24,2.67,0.01,6.34
2021-04-15,,,22.51,2.41,2.88,6.68
2021-04-16,,,25.95,1.99,5.66,4.46
2021-04-17,,,23.62,1.59,1.04,0.92
2021-04-18,,,21.94,2.55,0.05,1.7
2021-04-19,,,20.94,3.03,0.01,4.07
2021-04-20,,,20.49,3.1,0.0,7.78
2021-04-21,,,21.58,1.64,4.8,5.08
2021-04-22,,,22.72,1.66,1.17,5.17
2021-04-23,,,24.23,2.22,2.48,6.64
2021-04-24,,,23.66,3.27,0.02,8.31
2021-04-25,,,23.78,3.32,0.01,10.54
2021-04-26,,,35.36,2.24,3.39,8.39
2021-04-27,,,38.48,1.42,12.9,5.42
2021-04-28,,,39.58,1.68,1.2,6.66
2021-04-29,,,61.01,1.79,16.36,6.83
2021-04-30,,,67.02,1.89,21.95,6.92
2021-05-01,,,67.64,1.81,14.18,6.1
2021-05-02,,,67.46,1.52,3.91,2.89
2021-05-03,,,66.93,2.21,2.18,4.79
2021-05-04,,,66.64,2.77,0.06,6.75
2021-05-05,,,66.39,3.48,0.03,9.36
2021-05-06,,,66.11,3.37,0.02,9.75
2021-05-07,,,57.16,4.26,0.06,12.75
2021-05-08,,,53.99,3.94,0.01,12.57
2021-05-09,,,57.87,4.76,0.0,13.97
2021-05-10,,,65.78,2.87,18.35,10.44
2021-05-11,,,66.02,2.7,2.87,7.06
2021-05-12,,,65.8,2.28,2.82,4.52
2021-05-13,,,65.61,2.86,0.43,6.0
2021-05-14,,,65.41,3.01,1.35,7.16
2021-05-15,,,65.26,3.4,0.12,8.37
2021-05-16,,,64.38,3.53,0.0,12.26
2021-05-17,,,62.17,3.25,0.54,11.06
2021-05-18,,,52.44,3.23,0.02,9.29
2021-05-19,,,47.19,3.8,0.05,10.59
2021-05-20,,,44.75,3.7,0.0,8.65
2021-05-21,,,42.84,4.48,0.0,12.73
2021-05-22,,,41.43,3.61,0.66,12.7
2021-05-23,,,39.78,2.84,0.29,9.37
2021-05-24,,,37.67,1.83,0.2,6.28
2021-05-25,,,35.55,3.32,0.22,8.83
2021-05-26,,,33.77,3.68,0.0,8.9
2021-05-27,,,34.08,3.66,2.42,10.92
2021-05-28,,,32.7,4.65,0.01,14.39
2021-05-29,,,32.88,3.99,0.0,14.81
2021-05-30,,,41.88,3.48,7.04,14.33
2021-05-31,,,56.78,3.12,12.55,13.2
2021-06-01,,,50.88,3.84,1.14,14.21
2021-06-02,,,51.62,3.27,7.49,12.82
2021-06-03,,,44.49,3.55,0.02,13.82
2021-06-04,,,42.73,3.79,0.03,14.93
2021-06-05,,,52.29,3.18,7.07,12.96
2021-06-06,,,58.36,3.4,8.6,13.44
2021-06-07,,,48.21,3.18,0.46,12.1
2021-06-08,,,44.64,4.11,0.12,13.44
2021-06-09,,,42.23,4.97,0.01,16.15
2021-06-10,,,40.39,3.8,0.86,15.84
2021-06-11,,,47.77,4.14,0.26,16.15
2021-06-12,,,57.72,3.45,8.69,14.5
2021-06-13,,,43.95,4.56,0.08,17.5
2021-06-14,,,40.49,5.03,0.0,19.3
2021-06-15,,,39.6,4.86,1.96,19.22
2021-06-16,,,37.47,4.47,0.68,19.07
2021-06-17,,,50.71,3.8,0.39,18.11
2021-06-18,,,65.19,1.36,28.44,11.29
2021-06-19,,,64.83,4.35,0.05,15.56
2021-06-20,,,64.81,3.11,3.76,14.69
2021-06-21,,,64.45,2.79,4.34,12.32
2021-06-22,,,61.8,4.17,0.0,12.14
2021-06-23,,,61.14,3.63,1.28,12.66
2021-06-24,,,63.2,1.88,7.26,9.02
2021-06-25,,,59.14,4.42,0.03,12.63
2021-06-26,,,53.35,5.13,0.12,15.31
2021-06-27,,,47.29,4.34,3.56,16.67
2021-06-28,,,44.93,4.49,0.6,16.43
2021-06-29,,,42.37,4.67,0.0,14.35
2021-06-30,,,40.05,5.07,0.0,13.61
2021-07-01,,,37.68,4.39,0.0,15.36
2021-07-02,,,35.42,5.63,0.0,18.44
2021-07-03,,,33.41,5.85,0.0,19.67
2021-07-04,,,32.69,5.45,2.35,19.25
2021-07-05,,,31.79,4.47,0.01,17.16
2021-07-06,,,30.06,5.05,0.0,19.63
2021-07-07,,,30.04,6.0,2.95,15.17
2021-07-08,,,28.98,3.16,0.13,14.06
2021-07-09,,,27.22,4.66,0.0,13.58
2021-07-10,,,25.57,5.29,0.0,17.09
2021-07-11,,,24.25,6.68,0.0,19.38
2021-07-12,,,26.72,6.36,5.02,20.27
2021-07-13,,,26.38,5.43,0.81,14.22
2021-07-14,,,25.33,3.63,0.57,11.41
2021-07-15,,,23.88,4.51,0.03,13.57
2021-07-16,,,22.48,4.97,0.0,15.12
2021-07-17,,,21.11,5.5,0.0,16.88
2021-07-18,,,19.82,6.68,0.0,18.5
2021-07-19,,,18.73,6.94,0.0,18.69
2021-07-20,,,17.94,6.72,0.01,20.18
2021-07-21,,,19.72,6.86,4.33,19.65
2021-07-22,,,19.12,5.35,0.07,21.21
2021-07-23,,,17.99,5.92,0.0,22.11
2021-07-24,,,17.1,6.08,0.0,21.06
2021-07-25,,,16.27,5.2,0.0,17.66
2021-07-26,,,16.94,4.97,0.23,16.86
2021-07-27,,,19.84,4.31,6.77,14.82
2021-07-28,,,21.3,3.28,6.32,17.57
2021-07-29,,,22.38,4.14,0.02,17.91
2021-07-30,,,21.49,4.24,0.84,20.21
2021-07-31,,,52.16,5.02,9.09,19.6
2021-08-01,,,62.31,3.89,22.12,12.17
2021-08-02,,,55.78,2.01,0.13,11.9
2021-08-03,,,50.44,3.75,0.15,14.54
2021-08-04,,,57.43,4.19,6.96,16.54
2021-08-05,,,50.9,3.39,4.88,14.08
2021-08-06,,,44.56,3.73,0.01,17.53
2021-08-07,,,41.64,5.05,0.0,18.4
2021-08-08,,,39.59,4.85,0.38,16.14
2021-08-09,,,37.4,3.57,0.0,15.46
2021-08-10,,,35.16,4.13,0.01,19.25
2021-08-11,,,33.1,5.35,0.0,21.18
2021-08-12,,,31.56,5.64,0.79,22.59
2021-08-13,,,29.92,6.13,0.01,23.71
2021-08-14,,,28.27,6.44,0.0,24.33
2021-08-15,,,26.73,6.36,0.12,25.14
2021-08-16,,,25.39,6.33,0.01,23.04
2021-08-17,,,24.04,5.31,0.0,18.03
2021-08-18,,,22.72,5.31,0.0,16.96
2021-08-19,,,21.54,5.29,0.0,17.11
2021-08-20,,,20.78,4.54,0.67,16.35
2021-08-21,,,19.6,3.54,0.01,18.79
2021-08-22,,,18.49,5.08,0.03,20.46
2021-08-23,,,17.73,4.41,0.0,19.61
2021-08-24,,,18.15,4.22,2.05,17.88
2021-08-25,,,28.27,3.39,0.02,16.42
2021-08-26,,,31.47,3.6,9.72,15.52
2021-08-27,,,23.33,3.19,0.06,17.86
2021-08-28,,,20.72,4.72,0.01,18.07
2021-08-29,,,19.23,4.37,0.0,17.03
2021-08-30,,,29.05,4.35,0.0,15.28
2021-08-31,,,25.55,3.6,4.14,15.41
2021-09-01,,,29.29,3.08,3.38,16.01
2021-09-02,,,33.2,2.64,11.25,14.96
2021-09-03,,,36.3,2.3,7.34,14.97
2021-09-04,,,34.57,2.21,3.02,14.91
2021-09-05,,,32.12,2.45,0.0,15.84
2021-09-06,,,29.96,3.11,0.0,18.2
2021-09-07,,,28.22,4.04,0.02,19.91
2021-09-08,,,26.79,3.62,0.0,17.9
2021-09-09,,,27.45,2.62,3.93,17.84
2021-09-10,,,30.21,2.55,5.62,15.07
2021-09-11,,,31.79,1.86,2.7,14.88
2021-09-12,,,30.32,2.36,0.09,15.25
2021-09-13,,,29.21,2.48,0.89,16.13
2021-09-14,,,29.67,2.7,2.71,17.38
2021-09-15,,,31.1,2.31,4.0,16.25
2021-09-16,,,32.26,1.81,0.22,16.11
2021-09-17,,,32.59,2.15,5.87,13.01
2021-09-18,,,44.89,1.73,0.03,14.15
2021-09-19,,,45.18,2.22,12.76,10.14
2021-09-20,,,39.02,1.6,0.08,11.57
2021-09-21,,,37.54,2.67,2.56,8.7
2021-09-22,,,36.1,1.68,1.42,9.41
2021-09-23,,,34.09,1.9,0.02,12.12
2021-09-24,,,32.14,1.75,0.0,11.54
2021-09-25,,,31.85,1.82,0.04,14.15
2021-09-26,,,32.34,1.65,5.63,13.2
2021-09-27,,,30.52,1.75,0.02,13.25
2021-09-28,,,28.8,2.21,0.0,14.75
2021-09-29,,,27.28,1.98,0.0,12.54
2021-09-30,,,25.76,1.55,0.0,11.69
2021-10-01,,,24.31,1.72,0.0,11.71
2021-10-02,,,23.03,1.62,0.08,12.52
2021-10-03,,,34.17,1.68,0.03,14.27
2021-10-04,,,55.55,1.42,30.47,9.62
2021-10-05,,,44.13,0.76,0.11,7.19
2021-10-06,,,40.67,1.55,0.51,9.39
2021-10-07,,,38.35,1.6,0.0,9.06
2021-10-08,,,36.35,2.36,0.0,10.43
2021-10-09,,,34.36,2.49,0.0,10.65
2021-10-10,,,32.47,1.95,0.0,10.9
2021-10-11,,,30.64,1.61,0.01,9.3
2021-10-12,,,28.87,2.15,0.0,10.6
2021-10-13,,,27.24,2.3,0.01,10.25
2021-10-14,,,25.74,2.44,0.0,8.81
2021-10-15,,,24.39,2.36,0.02,10.04
2021-10-16,,,23.15,1.6,0.0,9.44
2021-10-17,,,21.88,1.27,0.0,9.65
2021-10-18,,,20.68,1.3,0.0,9.99
2021-10-19,,,19.56,1.1,0.0,11.27
2021-10-20,,,18.49,1.19,0.0,12.41
2021-10-21,,,17.53,1.29,0.01,12.3
2021-10-22,,,16.72,0.71,0.23,7.66
2021-10-23,,,15.95,0.71,0.17,6.76
2021-10-24,,,15.12,1.04,0.0,7.88
2021-10-25,,,14.32,1.22,0.01,7.82
2021-10-26,,,13.55,1.1,0.0,7.78
2021-10-27,,,12.83,0.96,0.0,7.85
2021-10-28,,,12.18,0.93,0.01,7.92
2021-10-29,,,12.58,0.74,0.0,7.71
2021-10-30,,,29.3,0.69,17.12,7.36
2021-10-31,,,25.97,1.14,1.13,9.14
2021-11-01,,,32.88,0.92,12.05,11.26
2021-11-02,,,31.87,0.31,0.28,5.97
2021-11-03,,,29.89,0.49,1.39,4.77
2021-11-04,,,28.43,0.32,0.62,1.45
2021-11-05,,,26.83,0.49,0.24,2.03
2021-11-06,,,25.29,0.45,0.35,0.53
2021-11-07,,,23.88,1.05,0.03,3.12
2021-11-08,,,22.64,1.59,0.12,6.46
2021-11-09,,,21.57,2.17,0.04,4.79
2021-11-10,,,20.62,1.64,0.0,5.17
2021-11-11,,,19.61,0.93,0.09,4.35
2021-11-12,,,18.83,0.89,0.27,5.71
2021-11-13,,,18.02,0.56,0.11,5.9
2021-11-14,,,17.15,0.67,0.0,6.42
2021-11-15,,,16.45,0.37,2.62,4.05
2021-11-16,,,15.87,0.68,0.33,3.44
2021-11-17,,,15.22,0.82,0.15,2.96
2021-11-18,,,14.53,0.41,0.0,3.75
2021-11-19,,,13.97,0.96,0.0,4.59
2021-11-20,,,13.6,0.77,0.0,5.01
2021-11-21,,,13.06,0.55,0.0,3.68
2021-11-22,,,12.52,0.45,0.41,3.75
2021-11-23,,,17.76,0.34,0.09,3.12
2021-11-24,,,31.92,0.26,23.01,1.16
2021-11-25,,,23.42,0.46,4.92,0.02
2021-11-26,,,20.37,0.43,2.63,0.82
2021-11-27,,,18.82,0.15,0.37,-1.27
2021-11-28,,,17.61,0.2,1.64,-2.77
2021-11-29,,,16.56,0.21,4.77,-4.23
2021-11-30,,,15.99,0.77,0.75,-0.13
2021-12-01,,,15.65,1.07,0.12,2.0
2021-12-02,,,15.1,0.58,0.7,0.07
2021-12-03,,,14.36,0.38,3.18,-1.91
2021-12-04,,,14.01,0.52,0.42,1.35
2021-12-05,,,13.77,0.51,1.79,1.11
2021-12-06,,,13.2,0.1,8.7,-3.2
2021-12-07,,,13.32,0.93,2.18,1.38
2021-12-08,,,14.73,0.98,3.96,1.47
2021-12-09,,,14.71,0.15,3.62,-2.48
2021-12-10,,,14.97,0.35,15.68,-0.84
2021-12-11,,,16.53,0.41,15.52,1.0
2021-12-12,,,17.35,0.65,0.87,3.02
2021-12-13,,,19.15,0.72,0.18,4.88
2021-12-14,,,22.25,0.58,0.04,6.49
2021-12-15,,,24.65,0.76,0.01,5.95
2021-12-16,,,25.55,0.87,0.01,4.69
2021-12-17,,,26.18,0.92,0.0,4.77
2021-12-18,,,25.82,0.55,0.01,3.23
2021-12-19,,,25.26,0.59,0.02,3.1
2021-12-20,,,24.69,0.72,0.01,2.63
2021-12-21,,,24.08,0.59,0.01,2.81
2021-12-22,,,23.63,0.67,0.01,3.38
2021-12-23,,,23.2,0.57,0.01,4.19
2021-12-24,,,22.54,0.45,0.02,4.2
2021-12-25,,,21.99,0.48,0.38,3.61
2021-12-26,,,21.21,0.25,0.16,2.07
2021-12-27,,,20.42,0.3,0.03,3.03
2021-12-28,,,21.63,0.44,1.72,4.61
2021-12-29,,,24.56,0.55,3.43,5.31
2021-12-30,,,25.68,0.72,0.17,6.86
2021-12-31,,,28.21,1.03,0.02,8.52
2022-01-01,,,29.84,1.01,0.01,8.8
2022-01-02,,,30.75,1.33,0.01,7.76
2022-01-03,,,30.81,1.12,0.0,6.53
2022-01-04,,,30.21,0.8,1.31,5.57
2022-01-05,,,29.3,0.7,0.31,4.42
2022-01-06,,,27.79,0.65,0.01,-2.81
2022-01-07,,,26.28,0.9,0.88,-1.91
2022-01-08,,,24.92,0.89,3.06,-0.42
2022-01-09,,,24.3,0.62,18.91,1.2
2022-01-10,,,45.03,0.61,14.18,1.6
2022-01-11,,,42.11,0.38,0.02,2.17
2022-01-12,,,35.6,0.98,0.02,0.81
2022-01-13,,,33.1,1.34,0.26,-0.14
2022-01-14,,,31.26,0.86,0.14,0.63
2022-01-15,,,29.65,0.86,0.32,0.29
2022-01-16,,,28.18,0.81,0.15,0.3
2022-01-17,,,26.81,0.77,0.0,0.88
2022-01-18,,,25.94,0.8,0.0,2.69
2022-01-19,,,25.55,0.8,0.44,3.15
2022-01-20,,,24.46,0.86,4.32,1.1
2022-01-21,,,23.24,0.67,0.01,0.03
2022-01-22,,,22.02,0.9,0.0,-1.35
2022-01-23,,,21.0,0.81,0.0,0.04
2022-01-24,,,20.05,0.77,0.0,1.0
2022-01-25,,,19.16,0.9,0.0,1.44
2022-01-26,,,18.41,0.85,0.0,2.33
2022-01-27,,,17.78,0.75,0.02,3.04
2022-01-28,,,17.1,1.19,0.01,2.77
2022-01-29,,,16.6,1.85,0.0,4.36
2022-01-30,,,16.55,1.75,0.01,5.13
2022-01-31,,,16.98,1.37,0.29,5.52
2022-02-01,,,16.44,1.85,0.68,3.47
2022-02-02,,,16.62,1.94,0.0,5.97
2022-02-03,,,18.08,2.3,0.0,7.68
2022-02-04,,,19.24,1.47,0.04,7.59
2022-02-05,,,18.9,0.8,0.03,4.43
2022-02-06,,,18.0,0.62,0.01,1.73
2022-02-07,,,17.19,1.22,0.05,3.21
2022-02-08,,,16.7,1.49,0.0,4.68
2022-02-09,,,17.05,1.07,0.0,6.63
2022-02-10,,,17.04,1.27,0.0,5.48
2022-02-11,,,16.58,1.09,0.01,4.94
2022-02-12,,,15.87,0.58,0.5,2.81
2022-02-13,,,15.36,0.61,6.92,3.42
2022-02-14,,,16.62,0.74,1.86,3.15
2022-02-15,,,16.89,0.51,0.61,0.47
2022-02-16,,,16.11,0.72,0.4,0.91
2022-02-17,,,16.21,0.82,0.0,4.93
2022-02-18,,,17.76,1.63,0.79,8.44
2022-02-19,,,20.11,1.46,7.23,8.58
2022-02-20,,,21.07,0.54,0.04,-0.33
2022-02-21,,,20.25,1.03,0.14,3.16
2022-02-22,,,19.61,2.5,0.0,4.26
2022-02-23,,,19.46,2.45,0.0,5.44
2022-02-24,,,19.74,1.58,0.03,6.5
2022-02-25,,,19.14,0.95,0.0,5.27
2022-02-26,,,18.19,0.98,0.01,2.65
2022-02-27,,,17.41,1.2,0.01,4.61
2022-02-28,,,16.59,1.11,0.0,3.55
2022-03-01,,,15.79,1.47,0.01,3.54
2022-03-02,,,15.59,1.88,2.93,6.25
2022-03-03,,,15.95,1.01,0.33,2.16
2022-03-04,,,15.67,1.24,0.57,4.87
2022-03-05,,,14.99,1.17,1.09,3.09
2022-03-06,,,14.35,0.95,0.61,2.98
2022-03-07,,,13.82,0.82,0.06,0.9
2022-03-08,,,13.18,1.02,1.49,1.75
2022-03-09,,,12.69,0.84,0.04,0.29
2022-03-10,,,12.35,1.05,3.83,2.78
2022-03-11,,,14.69,1.16,18.97,3.7
2022-03-12,,,21.74,0.8,5.66,2.2
2022-03-13,,,24.22,0.96,5.8,2.73
2022-03-14,,,23.97,1.1,6.61,1.75
2022-03-15,,,24.37,1.31,0.14,3.64
2022-03-16,,,26.83,2.19,0.19,8.33
2022-03-17,,,28.33,1.67,1.74,7.01
2022-03-18,,,28.19,1.37,0.64,5.36
2022-03-19,,,27.24,1.12,0.5,3.44
2022-03-20,,,26.12,1.32,7.19,4.62
2022-03-21,,,27.01,1.24,2.72,4.2
2022-03-22,,,26.83,1.13,0.08,1.52
2022-03-23,,,25.35,1.23,0.01,0.51
2022-03-24,,,24.16,2.36,0.03,2.86
2022-03-25,,,23.3,1.77,0.26,5.27
2022-03-26,,,23.02,1.59,0.48,5.9
2022-03-27,,,22.49,1.66,0.01,5.25
2022-03-28,,,21.67,1.58,0.0,5.19
2022-03-29,,,21.52,2.07,8.62,6.7
2022-03-30,,,25.66,1.73,3.1,6.69
2022-03-31,,,26.27,1.5,0.93,4.42
2022-04-01,,,24.74,1.6,2.85,0.7
2022-04-02,,,23.25,2.13,0.62,-4.62
2022-04-03,,,22.02,2.27,0.07,-4.05
2022-04-04,,,20.95,2.15,0.11,-2.67
2022-04-05,,,20.31,2.71,0.0,1.16
2022-04-06,,,19.8,3.03,0.03,4.43
2022-04-07,,,19.06,2.13,0.0,4.58
2022-04-08,,,19.6,3.55,0.38,8.25
2022-04-09,,,20.16,3.01,0.12,7.65
2022-04-10,,,19.48,3.15,0.0,4.5
2022-04-11,,,19.6,3.49,0.14,7.59
2022-04-12,,,21.09,3.67,8.68,10.91
2022-04-13,,,26.7,1.98,3.13,8.37
2022-04-14,,,28.32,1.33,0.39,6.05
2022-04-15,,,28.18,2.82,0.0,9.65
2022-04-16,,,28.26,2.62,0.0,10.34
2022-04-17,,,28.62,4.43,0.0,10.86
2022-04-18,,,29.47,4.64,0.1,11.7
2022-04-19,,,34.57,3.3,26.72,10.53
2022-04-20,,,48.46,1.39,3.28,5.86
2022-04-21,,,45.26,1.71,0.63,4.5
2022-04-22,,,42.39,1.88,5.08,4.9
2022-04-23,,,43.68,2.37,13.09,6.2
2022-04-24,,,45.23,1.76,0.81,2.45
2022-04-25,,,44.15,2.35,0.0,5.57
2022-04-26,,,43.34,3.2,0.0,7.32
2022-04-27,,,43.54,3.39,0.08,10.02
2022-04-28,,,44.1,2.56,1.66,9.89
2022-04-29,,,44.95,2.38,0.04,9.43
2022-04-30,,,44.46,4.12,1.6,11.14
2022-05-01,,,44.44,2.88,4.9,8.69
2022-05-02,,,45.57,3.51,4.42,10.79
2022-05-03,,,46.82,1.64,3.96,7.16
2022-05-04,,,46.63,1.66,1.29,6.59
2022-05-05,,,44.77,2.06,1.07,6.97
2022-05-06,,,43.14,3.3,2.91,6.74
2022-05-07,,,44.67,3.5,0.65,7.44
2022-05-08,,,41.78,3.28,0.57,8.39
2022-05-09,,,40.17,3.25,0.12,9.3
2022-05-10,,,39.56,3.55,0.0,11.01
2022-05-11,,,40.39,4.39,0.0,13.0
2022-05-12,,,42.23,5.37,0.0,14.81
2022-05-13,,,42.75,4.52,0.11,13.32
2022-05-14,,,43.64,4.62,0.82,14.15
2022-05-15,,,44.75,4.39,0.37,14.99
2022-05-16,,,44.76,4.36,0.0,14.76
2022-05-17,,,45.35,5.31,0.0,15.25
2022-05-18,,,45.95,5.34,0.0,17.16
2022-05-19,,,54.52,4.86,2.04,17.53
2022-05-20,,,57.26,5.65,0.0,17.57
2022-05-21,,,57.53,5.42,0.0,18.44
2022-05-22,,,58.68,5.85,0.02,20.43
2022-05-23,,,47.98,5.35,1.77,18.78
2022-05-24,,,51.85,4.73,15.2,14.55
2022-05-25,,,58.4,1.83,0.28,7.8
2022-05-26,,,57.33,3.44,0.0,8.19
2022-05-27,,,56.14,5.76,0.0,11.66
2022-05-28,,,54.9,5.68,0.0,14.85
2022-05-29,,,53.73,6.36,3.68,16.53
2022-05-30,,,53.43,4.98,10.49,15.09
2022-05-31,,,54.76,4.01,0.03,14.14
2022-06-01,,,54.91,4.19,0.1,14.98
2022-06-02,,,54.4,5.83,0.0,17.48
2022-06-03,,,53.42,5.22,0.0,18.07
2022-06-04,,,52.36,5.88,0.45,17.57
2022-06-05,,,44.79,5.35,0.01,17.03
2022-06-06,,,40.14,5.6,0.02,15.65
2022-06-07,,,42.2,5.05,2.04,16.9
2022-06-08,,,44.4,5.43,0.68,17.14
2022-06-09,,,37.15,4.27,0.0,15.34
2022-06-10,,,34.56,6.94,0.0,15.58
2022-06-11,,,32.71,7.23,0.72,19.19
2022-06-12,,,31.65,5.71,1.53,20.4
2022-06-13,,,30.94,4.88,0.05,19.96
2022-06-14,,,29.52,6.53,4.14,20.98
2022-06-15,,,31.31,5.97,0.44,21.55
2022-06-16,,,32.88,6.51,1.73,22.68
2022-06-17,,,32.21,6.19,0.28,23.42
2022-06-18,,,28.65,5.51,0.01,23.33
2022-06-19,,,26.71,7.05,0.04,22.42
2022-06-20,,,25.29,7.36,0.05,19.12
2022-06-21,,,33.79,6.12,20.09,20.0
2022-06-22,,,49.77,4.81,0.05,17.98
2022-06-23,,,39.64,5.21,2.41,15.67
2022-06-24,,,36.86,4.16,0.03,14.78
2022-06-25,,,34.76,4.88,0.47,14.3
2022-06-26,,,32.97,3.85,1.1,15.82
2022-06-27,,,34.48,4.32,10.28,16.13
2022-06-28,,,39.75,2.52,0.07,12.81
2022-06-29,,,37.99,5.64,4.81,15.56
2022-06-30,,,44.18,5.79,0.0,17.25
2022-07-01,,,37.19,4.56,0.0,15.36
2022-07-02,,,34.34,6.34,0.0,16.3
2022-07-03,,,32.43,6.65,0.73,20.7
2022-07-04,,,30.82,5.36,0.04,20.39
2022-07-05,,,29.23,5.97,4.77,20.06
2022-07-06,,,35.48,5.67,8.8,19.42
2022-07-07,,,37.01,2.77,0.04,14.71
2022-07-08,,,33.85,6.47,0.01,16.05
2022-07-09,,,31.74,7.34,0.02,18.83
2022-07-10,,,29.97,6.77,0.02,19.78
2022-07-11,,,28.39,6.5,0.69,20.54
2022-07-12,,,27.25,5.55,0.04,21.4
2022-07-13,,,25.73,6.03,0.03,22.03
2022-07-14,,,24.28,7.13,0.03,22.61
2022-07-15,,,22.94,7.12,0.03,22.48
2022-07-16,,,21.64,7.13,0.0,23.1
2022-07-17,,,20.42,7.43,0.04,23.94
2022-07-18,,,19.34,7.03,0.03,23.93
2022-07-19,,,18.32,6.55,0.05,23.33
2022-07-20,,,17.38,6.65,0.02,22.68
2022-07-21,,,16.43,5.81,0.03,20.65
2022-07-22,,,15.52,5.95,0.07,22.02
2022-07-23,,,14.7,5.52,0.03,22.98
2022-07-24,,,13.84,6.12,0.03,21.58
2022-07-25,,,13.08,6.94,0.2,23.87
2022-07-26,,,12.54,5.45,0.07,21.3
2022-07-27,,,11.89,5.88,0.04,19.15
2022-07-28,,,15.11,6.22,8.69,18.9
2022-07-29,,,17.27,3.81,6.12,18.14
2022-07-30,,,18.83,3.03,0.04,17.85
2022-07-31,,,17.85,4.86,2.85,19.42
2022-08-01,,,18.54,4.67,1.72,19.92
2022-08-02,,,17.78,5.06,0.12,20.49
2022-08-03,,,22.51,5.59,6.7,21.7
2022-08-04,,,31.16,5.73,11.8,21.68
2022-08-05,,,44.16,5.32,8.37,20.36
2022-08-06,,,40.33,4.35,5.77,19.66
2022-08-07,,,36.76,4.77,3.67,19.77
2022-08-08,,,36.04,3.89,0.29,18.83
2022-08-09,,,40.53,4.14,8.6,20.0
2022-08-10,,,50.27,4.26,3.46,19.62
2022-08-11,,,44.83,4.49,2.11,20.58
2022-08-12,,,38.81,4.74,1.68,21.24
2022-08-13,,,37.4,5.03,0.79,22.63
2022-08-14,,,35.94,4.62,0.02,20.6
2022-08-15,,,33.94,4.86,0.09,18.24
2022-08-16,,,33.24,3.88,4.5,17.07
2022-08-17,,,34.8,3.44,1.44,16.66
2022-08-18,,,33.5,2.85,1.56,14.64
2022-08-19,,,31.85,2.82,0.02,12.68
2022-08-20,,,29.93,5.08,0.02,16.15
2022-08-21,,,28.32,4.97,0.0,18.93
2022-08-22,,,26.76,3.92,0.01,18.42
2022-08-23,,,25.24,4.6,0.02,17.84
2022-08-24,,,28.24,3.99,11.57,19.33
2022-08-25,,,43.89,4.58,19.57,20.25
2022-08-26,,,56.13,3.49,5.36,17.32
2022-08-27,,,57.72,3.46,9.24,16.77
2022-08-28,,,58.15,3.79,1.84,16.31
2022-08-29,,,57.83,3.93,1.85,18.48
2022-08-30,,,56.77,3.29,0.02,18.08
2022-08-31,,,55.83,4.12,14.85,19.14
2022-09-01,,,57.01,2.1,0.05,14.48
2022-09-02,,,56.35,3.32,6.41,16.94
2022-09-03,,,55.67,2.98,0.06,16.44
2022-09-04,,,55.08,2.8,0.02,15.21
2022-09-05,,,54.16,3.12,0.39,16.77
2022-09-06,,,51.13,3.2,0.05,17.59
2022-09-07,,,42.7,3.88,0.01,16.86
2022-09-08,,,40.04,3.02,0.0,14.9
2022-09-09,,,37.69,2.69,0.0,14.62
2022-09-10,,,35.49,3.36,0.0,14.77
2022-09-11,,,33.5,3.87,0.0,17.01
2022-09-12,,,31.71,3.47,0.05,19.42
2022-09-13,,,31.93,3.18,17.47,20.19
2022-09-14,,,40.23,1.64,0.04,14.14
2022-09-15,,,43.28,2.15,5.14,13.89
2022-09-16,,,46.48,2.2,0.01,14.44
2022-09-17,,,39.61,2.69,0.01,13.63
2022-09-18,,,36.96,3.4,0.01,13.24
2022-09-19,,,34.78,2.8,0.01,14.35
2022-09-20,,,32.8,3.13,0.0,15.33
2022-09-21,,,30.98,2.81,0.02,14.42
2022-09-22,,,29.35,2.63,0.01,13.48
2022-09-23,,,32.11,2.14,14.22,13.37
2022-09-24,,,47.44,1.69,6.0,12.26
2022-09-25,,,40.22,1.23,0.25,8.67
2022-09-26,,,36.85,1.4,0.51,7.89
2022-09-27,,,34.61,2.05,0.91,8.93
2022-09-28,,,33.15,2.02,0.48,9.86
2022-09-29,,,33.19,1.98,5.57,10.47
2022-09-30,,,34.57,1.34,0.47,6.78
2022-10-01,,,32.71,1.67,0.02,6.02
2022-10-02,,,31.73,2.51,0.02,12.15
2022-10-03,,,30.1,2.79,0.0,15.51
2022-10-04,,,28.45,2.17,0.0,15.01
2022-10-05,,,26.88,2.27,0.0,14.19
2022-10-06,,,25.42,1.92,0.0,13.39
2022-10-07,,,24.12,1.66,1.34,12.95
2022-10-08,,,23.77,1.17,1.21,12.02
2022-10-09,,,24.62,1.16,4.85,10.37
2022-10-10,,,25.86,1.33,0.19,10.95
2022-10-11,,,24.2,1.06,1.09,11.99
2022-10-12,,,23.59,0.98,1.86,10.24
2022-10-13,,,23.1,1.06,0.0,11.66
2022-10-14,,,21.77,1.35,0.0,12.48
2022-10-15,,,20.5,1.58,0.03,13.27
2022-10-16,,,19.36,1.66,0.0,13.88
2022-10-17,,,18.38,1.49,0.47,14.57
2022-10-18,,,17.61,1.27,0.01,12.89
2022-10-19,,,16.94,1.75,10.78,15.47
2022-10-20,,,29.76,1.48,28.0,14.17
2022-10-21,,,55.39,0.84,0.69,9.9
2022-10-22,,,56.28,0.95,2.14,10.33
2022-10-23,,,53.86,1.2,14.6,12.11
2022-10-24,,,58.26,0.78,0.08,9.88
2022-10-25,,,57.89,1.06,0.04,10.49
2022-10-26,,,56.92,1.23,0.01,13.02
2022-10-27,,,51.22,1.34,0.0,12.2
2022-10-28,,,44.03,1.2,0.01,12.55
2022-10-29,,,41.38,1.15,0.0,13.8
2022-10-30,,,39.06,1.22,0.27,11.88
2022-10-31,,,41.18,1.1,13.81,11.43
2022-11-01,,,56.45,0.73,0.12,9.71
2022-11-02,,,50.33,0.55,0.23,8.98
2022-11-03,,,44.05,0.79,4.55,9.36
2022-11-04,,,42.84,0.63,3.41,4.99
2022-11-05,,,40.86,0.88,0.05,2.85
2022-11-06,,,39.89,1.31,0.0,7.09
2022-11-07,,,38.6,1.02,0.0,7.84
2022-11-08,,,36.73,1.33,0.08,8.3
2022-11-09,,,34.89,0.81,0.64,9.1
2022-11-10,,,33.42,0.48,0.0,7.13
2022-11-11,,,31.67,0.6,0.01,7.38
2022-11-12,,,29.93,0.92,0.0,8.55
2022-11-13,,,28.31,0.76,0.0,8.32
2022-11-14,,,26.8,0.65,0.51,7.99
2022-11-15,,,25.65,0.55,0.95,7.29
2022-11-16,,,24.79,0.53,0.05,6.94
2022-11-17,,,23.89,0.58,2.74,7.18
2022-11-18,,,24.12,0.49,1.38,6.45
2022-11-19,,,23.35,0.34,0.63,2.78
2022-11-20,,,22.12,0.43,3.1,0.51
2022-11-21,,,27.39,0.87,14.4,3.42
2022-11-22,,,31.65,0.36,2.57,0.9
2022-11-23,,,30.71,0.39,2.62,1.13
2022-11-24,,,30.79,0.38,1.33,4.29
2022-11-25,,,28.99,0.54,1.63,3.87
2022-11-26,,,27.72,0.31,0.04,1.91
2022-11-27,,,27.05,0.89,1.81,4.27
2022-11-28,,,27.01,0.93,2.96,4.08
2022-11-29,,,26.14,0.55,1.26,1.65
2022-11-30,,,24.88,0.28,0.15,0.61
2022-12-01,,,23.53,0.25,0.04,0.64
2022-12-02,,,22.24,0.26,0.08,-0.55
2022-12-03,,,21.08,0.22,2.45,-1.13
2022-12-04,,,20.12,0.23,0.21,-2.06
2022-12-05,,,19.02,0.25,0.1,-2.8
2022-12-06,,,18.5,0.56,0.13,2.1
2022-12-07,,,18.47,0.29,0.08,4.34
2022-12-08,,,19.14,0.23,13.87,3.12
2022-12-09,,,24.36,0.4,1.77,2.86
2022-12-10,,,24.49,0.15,0.07,3.63
2022-12-11,,,22.98,0.16,0.04,-0.17
2022-12-12,,,25.53,0.31,13.0,-1.8
2022-12-13,,,27.02,0.37,3.82,0.28
2022-12-14,,,26.46,0.39,5.07,2.79
2022-12-15,,,28.65,0.25,1.59,3.76
2022-12-16,,,29.03,0.2,0.35,3.14
2022-12-17,,,27.89,0.12,0.12,1.81
2022-12-18,,,26.49,0.28,0.06,2.17
2022-12-19,,,25.73,0.67,0.04,3.65
2022-12-20,,,25.85,1.16,0.66,4.46
2022-12-21,,,25.9,0.8,0.24,4.26
2022-12-22,,,25.22,0.28,0.3,4.41
2022-12-23,,,25.12,0.43,0.04,4.96
2022-12-24,,,25.77,0.72,0.07,6.83
2022-12-25,,,25.85,0.84,0.04,6.17
2022-12-26,,,25.2,0.74,0.03,4.54
2022-12-27,,,24.15,0.54,0.04,4.36
2022-12-28,,,22.95,0.44,0.03,3.79
2022-12-29,,,21.78,0.51,1.25,3.13
2022-12-30,,,21.36,0.39,0.34,3.68
2022-12-31,,,21.24,0.39,0.07,6.06
2023-01-01,,,,0.94,0.03,7.13
