Qmin: 0
Vmin: 14369000.0
Vn: 1049687863.3417
Vtot: 1296355000.0
alpha: 0.08824091
beta: 1.0404221
gamma: 0.80972254
lambda: 0.34075966
rho: 1
w: 0.01798917
