Qf: 95.626
Qmin: 0
Qn: 92.07257991544
Vf: 1259204252.86325
Vmin: 14369000.0
Vn: 719387669.6353661
Vn_adj: 1059691822.4183067
Vtot: 1296355000.0
k: 3.6236892
