Qmin: 0
Vmin: 14369000.0
Vn: 898210674.27
Vtot: 1296355000.0
alpha: 0.40744153
beta: 1.3827102
gamma: 0.692874
lambda: 0.28611538
rho: 1
w: 0.015411234
