FFf: 0.313987
QQf: 0.6127591
alpha: 0.80934274
beta: 0.56249946
gamma: 0.2650338
k: 2.7761285
