Qf: 16.83280139259988
Qmin: 0
Qn: 14.399782051176977
Vf: 1031445440.0766
Vmin: 843139000.0
Vn: 964143965.1674628
Vn_adj: 989851977.7275323
Vtot: 1704771000.0
k: 4.6661634
