Qf: 4.248
Qmin: 0
Qn: 2.8203774012
Vf: 30461855.70873
Vmin: 8928000.0
Vn: 22719105.942544337
Vn_adj: 23282809.948224194
Vtot: 33499000.000000004
k: 1.9891411
