Qf: 404.87108927407945
Qmin: 0
Qn: 273.55679941972716
Vf: 2134743576.56879
Vmin: 536198999.99999994
Vn: 917738244.7871029
Vn_adj: 1581034312.1114998
Vtot: 2176493000.0
k: 1.2133948
