Qf: 905.6840604191999
Qmin: 0
Qn: 656.190236692147
Vf: 1687165038.77
Vmin: 396751000.0
Vn: 664093225.3057556
Vn_adj: 887635071.3136536
Vtot: 2313050000.0
k: 2.2913177
