Qf: 2.12376
Qmin: 0
Qn: 1.851004653696
Vf: 3429710659.3387294
Vmin: 1887323078.0
Vn: 2699333533.950606
Vn_adj: 2724349107.5262313
Vtot: 3465172192.0
k: 2.2920406
