Qf: 10.817
Qmin: 0.057
Qn: 9.4224388273
Vf: 102275819.53239
Vmin: 23635000.0
Vn: 32425451.933533866
Vn_adj: 81491433.33019623
Vtot: 104727000.0
k: 2.1687512
