Qf: 19.793
Qmin: 0
Qn: 4.377736568
Vf: 260807741.18249
Vmin: 594884000.0
Vn: 416221172.68825114
Vn_adj: 335774123.38780797
Vtot: 1082519000.0
k: 4.7476206
