Qf: 171.04092264000002
Qmin: 11.33
Qn: 169.56700485569743
Vf: 144924890.0814
Vmin: 322870000.0
Vn: 272872056.02408457
Vn_adj: 161613082.43734077
Vtot: 459180000.0
k: 1.7852167
