Qf: 2700.4611385250023
Qmin: 0
Qn: 1567.920304588947
Vf: 1171868893.17732
Vmin: 1060858999.9999999
Vn: 1114695663.2716167
Vn_adj: 1142431446.7993743
Vtot: 2736396000.0
k: 4.152348
