Qf: 75.0140803975
Qmin: 0
Qn: 54.864750799944595
Vf: 641154874.0900099
Vmin: 87934000.0
Vn: 100017661.10902703
Vn_adj: 633634977.043936
Vtot: 738493000.0
k: 3.0367248
