Qf: 290.87948963590003
Qmin: 0.566
Qn: 239.72584145499573
Vf: 6791703104.54775
Vmin: 2559358000.0
Vn: 5307556550.423535
Vn_adj: 6358156439.376816
Vtot: 6876579000.0
k: 2.6120799
