Qf: 762.9988434687999
Qmin: 0
Qn: 542.9651606893831
Vf: 445747544.70912
Vmin: 1103000.0
Vn: 25707286.71674117
Vn_adj: 271805446.34597075
Vtot: 1440832000.0
k: 2.0213485
