Qf: 141.43505397050004
Qmin: 2.803
Qn: 100.68230262097184
Vf: 671130060.8649
Vmin: 178343000.0
Vn: 292849889.1947448
Vn_adj: 443576834.0932675
Vtot: 681499000.0
k: 4.2215004
