Qf: 93.36
Qmin: 0
Qn: 71.202665808
Vf: 1848488531.3582702
Vmin: 116212000.0
Vn: 595274287.3407016
Vn_adj: 1026543180.8416011
Vtot: 2205339000.0
k: 1.8871211
