Qf: 91.78144621376008
Qmin: 0
Qn: 90.81719033983832
Vf: 3455721878.14772
Vmin: 1884316000.0
Vn: 2028820127.445647
Vn_adj: 3333801642.1536794
Vtot: 3495164000.0
k: 4.648112
