Qf: 46.779
Qmin: 0
Qn: 33.04642718217001
Vf: 550182966.69504
Vmin: 68260000.0
Vn: 102120243.05837834
Vn_adj: 126227340.27119091
Vtot: 817644000.0
k: 3.1917527
