Qf: 99.96137413376
Qmin: 0
Qn: 43.33841369389026
Vf: 1780403800.078
Vmin: 1898634000.0
Vn: 1815103117.6088
Vn_adj: 1804835112.0888271
Vtot: 3669850000.0
k: 1.202193
