Qf: 70.77790337859999
Qmin: 0
Qn: 60.571073600241554
Vf: 1442105247.492
Vmin: 908785000.0
Vn: 997894285.5651559
Vn_adj: 1019747975.0083903
Vtot: 1456956000.0
k: 2.4248157
