Qf: 141.584
Qmin: 31.149
Qn: 99.5404612992
Vf: 12983406302.733198
Vmin: 12762818000.0
Vn: 12869021643.498386
Vn_adj: 12871129468.750975
Vtot: 23146252000.0
k: 3.888006
