Qf: 57.42363502908
Qmin: 16.866
Qn: 37.76405062870666
Vf: 945032935.776
Vmin: 749222000.0
Vn: 885960722.0427368
Vn_adj: 928033811.075411
Vtot: 1536032000.0
k: 4.5353866
