Qf: 5.048352684000001
Qmin: 0
Qn: 2.5078436589790893
Vf: 31752625.904999994
Vmin: 654000.0
Vn: 14497310.752328688
Vn_adj: 16870002.862396754
Vtot: 32549999.999999996
k: 4.8844485
