Qf: 54.80128350320008
Qmin: 1.045
Qn: 44.88398838980792
Vf: 786505067.5899601
Vmin: 159094000.0
Vn: 502294165.7270481
Vn_adj: 525879451.47083163
Vtot: 797626000.0
k: 2.5823014
