Qf: 101.82481275920003
Qmin: 0.028
Qn: 79.37747169154672
Vf: 307845157.6616
Vmin: 5002000.0
Vn: 276240142.88487774
Vn_adj: 286662822.53443485
Vtot: 328336000.0
k: 3.3752909
