Qf: 53.723266030400005
Qmin: 0
Qn: 38.588857895343004
Vf: 1324160558.5311
Vmin: 207476000.0
Vn: 313556409.9863822
Vn_adj: 630680687.1241488
Vtot: 1348533000.0
k: 1.5860763
