Qf: 8.056118188
Qmin: 0
Qn: 3.9524277730839645
Vf: 47008081.2667
Vmin: 3445000.0
Vn: 38898953.09076385
Vn_adj: 39379826.49997019
Vtot: 49429000.0
k: 3.8797
