Qf: 44.231
Qmin: 3.341
Qn: 36.9949897471
Vf: 1268017560.2807
Vmin: 226928000.0
Vn: 378997255.6482407
Vn_adj: 765843844.0870241
Vtot: 1302017000.0
k: 1.8723884
