Qf: 459.91036629860014
Qmin: 0
Qn: 104.43209062791726
Vf: 77112054.47055
Vmin: 87524000.0
Vn: 81378290.84434718
Vn_adj: 81368004.78206673
Vtot: 110891000.0
k: 1.975648
