Qf: 6.822803961200002
Qmin: 0
Qn: 5.499402416136337
Vf: 136410137.5944
Vmin: 35253000.0
Vn: 38219188.56315421
Vn_adj: 88102399.96738027
Vtot: 138452000.0
k: 3.8102746
