Qf: 0.605
Qmin: 0.057
Qn: 0.4301919413
Vf: 16331027.91936
Vmin: 154000.0
Vn: 9294138.381431373
Vn_adj: 14534600.092512907
Vtot: 28581000.0
k: 2.8322914
