Qf: 16.518
Qmin: 0.001
Qn: 8.08099988466
Vf: 37792859.26192
Vmin: 1993000.0
Vn: 32927629.74833766
Vn_adj: 33925522.86470295
Vtot: 40082000.0
k: 2.5310893
