Qf: 46.65
Qmin: 15.178
Qn: 43.2903812925
Vf: 1098136615.43774
Vmin: 3196334000.0
Vn: 1594288118.8966858
Vn_adj: 1425853877.1597328
Vtot: 4827386000.0
k: 4.9829936
