Qf: 7.311162746799997
Qmin: 0.119
Qn: 3.7979138468570337
Vf: 79499266.12096
Vmin: 14046000.0
Vn: 36757645.8291611
Vn_adj: 41488062.259886056
Vtot: 80512000.0
k: 4.2345505
