Qf: 9.923101156600003
Qmin: 0
Qn: 6.126710597620748
Vf: 382805578.74384
Vmin: 2766000.0
Vn: 107513998.44852586
Vn_adj: 123674037.6103113
Vtot: 389808000.0
k: 3.436701
