Qf: 11.60659894068
Qmin: 1.242
Qn: 10.09475702180395
Vf: 181956699.1361
Vmin: 54020000.0
Vn: 96619508.74055535
Vn_adj: 120119090.76576097
Vtot: 189329000.0
k: 3.541971
