Qf: 12.466929044000002
Qmin: 0
Qn: 4.49943063441971
Vf: 133779517.2567
Vmin: 109972000.0
Vn: 128610969.54056701
Vn_adj: 130492060.72454739
Vtot: 206689000.0
k: 4.690255
