Qf: 4.049
Qmin: 0.028
Qn: 2.6017092440000003
Vf: 113371498.2375
Vmin: 9119000.0
Vn: 24723849.629233323
Vn_adj: 68721734.2589638
Vtot: 120375000.0
k: 3.2634492
