Qf: 13.054
Qmin: 0.227
Qn: 11.237790452999999
Vf: 187287747.0482
Vmin: 41977000.0
Vn: 64635384.70813671
Vn_adj: 87305607.19439198
Vtot: 189433000.0
k: 3.3732376
