Qf: 9.061
Qmin: 0.028
Qn: 5.8800852084
Vf: 51101626.496400006
Vmin: 20605000.0
Vn: 38374286.380898416
Vn_adj: 47701121.00062576
Vtot: 66623000.00000001
k: 2.8340495
