Qf: 5.169301220000003
Qmin: 0
Qn: 4.187932645238493
Vf: 119997589.9738
Vmin: 40006000.0
Vn: 47593404.68773756
Vn_adj: 83167700.91332522
Vtot: 128279000.0
k: 2.303113
