Qf: 9.203
Qmin: 0.708
Qn: 3.2034810128499998
Vf: 98269150.896
Vmin: 28537000.0
Vn: 60302137.602125034
Vn_adj: 68892276.49113001
Vtot: 99280000.0
k: 4.858751
