Qf: 5.275
Qmin: 0.708
Qn: 3.7508735192500002
Vf: 65684623.599400006
Vmin: 20102000.0
Vn: 37298774.074851245
Vn_adj: 53172995.5430496
Vtot: 66793000.00000001
k: 4.002266
