Qf: 3.002
Qmin: 0
Qn: 2.2964615544
Vf: 128470914.5702
Vmin: 54806000.0
Vn: 66851363.44154414
Vn_adj: 104353783.87609604
Vtot: 130334000.0
k: 3.6200216
