Qf: 13.600023752240007
Qmin: 1.388
Qn: 6.617574765496292
Vf: 130523564.03819999
Vmin: 28842000.0
Vn: 104434132.740854
Vn_adj: 114945079.34713256
Vtot: 133530000.0
k: 3.4133089
