Qf: 25.165853519840017
Qmin: 0
Qn: 16.483807699884498
Vf: 153329540.96916
Vmin: 18323000.0
Vn: 135873789.25062788
Vn_adj: 138741519.64073312
Vtot: 154971000.0
k: 2.503796
