Qf: 96.23846113146001
Qmin: 0.878
Qn: 55.51707144905923
Vf: 642095212.3509
Vmin: 192237000.0
Vn: 348749096.0521505
Vn_adj: 380824258.57201254
Vtot: 648987000.0
k: 3.4340177
