Qf: 38.622491398400015
Qmin: 1.388
Qn: 19.842428547900482
Vf: 2036449244.4240499
Vmin: 869167000.0
Vn: 1466319951.1410656
Vn_adj: 1568567907.8182347
Vtot: 2073036999.9999998
k: 1.0074903
