Qf: 127.79217874976003
Qmin: 59.465
Qn: 7.2995390891360055
Vf: 1380361315.9515
Vmin: 1401899000.0
Vn: 1399846697.778471
Vn_adj: 1395212921.7991853
Vtot: 2504877000.0
k: 1.8782495
