Qf: 322.9853538823
Qmin: 28.09
Qn: 120.44030826489049
Vf: 222039034.02199998
Vmin: 254231000.0
Vn: 249227501.557375
Vn_adj: 227640132.93780935
Vtot: 334412000.0
k: 2.2932527
