Qf: 52.21794412760004
Qmin: 0
Qn: 21.885808235560596
Vf: 246848913.65150002
Vmin: 30098000.0
Vn: 60433926.83492549
Vn_adj: 188083229.50945887
Vtot: 274555000.0
k: 4.323052
