Qf: 19.17
Qmin: 0.028
Qn: 14.5388757438
Vf: 59489474.45833
Vmin: 49593000.0
Vn: 58055463.82940761
Vn_adj: 58216170.21708734
Vtot: 127891000.0
k: 4.733535
