Qf: 991.09
Qmin: 16.99
Qn: 644.2814442240001
Vf: 13629301298.145899
Vmin: 18282641000.0
Vn: 14606305054.73152
Vn_adj: 14199942207.523804
Vtot: 28330569000.0
k: 4.8217807
