Qf: 0.642
Qmin: 0
Qn: 0.6112224558
Vf: 74701191.18256
Vmin: 29569000.0
Vn: 53225767.795870245
Vn_adj: 57156596.435172155
Vtot: 79246000.0
k: 4.960751
