Qf: 183.9769162080004
Qmin: 0
Qn: 106.64004855235618
Vf: 795767250.5946
Vmin: 72664000.0
Vn: 459300800.1636773
Vn_adj: 546435092.8840457
Vtot: 914580000.0
k: 3.5780869
