Qf: 1.274
Qmin: 0
Qn: 0.6915097462
Vf: 13320655.635499999
Vmin: 14000000.0
Vn: 13639945.92432296
Vn_adj: 13622052.332670672
Vtot: 19325000.0
k: 3.1465032
