Qf: 11.327
Qmin: 0
Qn: 6.93727382055
Vf: 283865550.6348
Vmin: 140558000.0
Vn: 245620820.97405487
Vn_adj: 265218460.70886746
Vtot: 387018000.0
k: 1.4539953
