Qf: 23.622538216000006
Qmin: 0.85
Qn: 21.770532164767133
Vf: 358056070.40599996
Vmin: 79684000.0
Vn: 143003808.34839684
Vn_adj: 184124501.910222
Vtot: 364475000.0
k: 2.3955994
