Qf: 886.3169558518986
Qmin: 0
Qn: 674.649133511129
Vf: 5617778743.8862
Vmin: 1331920000.0
Vn: 2659865387.994129
Vn_adj: 4738805802.631984
Vtot: 6193534000.0
k: 2.5834396
