Qmin: 0.0
Vmin: 843139000.0
Vn: 902918594.7453599
Vtot: 1704771000.0
alpha: 0.27232626
beta: 2.534315
gamma: 0.52964216
lambda: 2.988064
rho: 1
w: 0.92272955
