Qmin: 0.0
Vmin: 442253000.0
Vn: 525323063.5338
Vtot: 1764714000.0
alpha: 0.13454932
beta: 1.7984577
gamma: 0.2976817
lambda: 2.3004649
rho: 1
w: 0.9642619
