Qmin: 0.0
Vmin: 2602396104.0
Vn: 2534634233.659123
Vtot: 4555364988.0
alpha: 2.659747
beta: 0.78638834
gamma: 0.5564064
lambda: 2.9291544
rho: 0.5083807407127036
w: 0.8763219
