Qmin: 0.0
Vmin: 8928000.0
Vn: 9334640.395700002
Vtot: 33499000.000000004
alpha: 0.70651144
beta: 1.330145
gamma: 0.2786543
lambda: 2.9125106
rho: 1
w: 0.11638213
