Qmin: 0.0
Vmin: 536198999.99999994
Vn: 588301704.9139999
Vtot: 2176493000.0
alpha: 0.6823814
beta: 1.1157509
gamma: 0.270298
lambda: 2.4325025
rho: 1
w: 0.5751041
