Qmin: 0.0
Vmin: 1569627970.0
Vn: 2268425126.7811985
Vtot: 2494293917.0
alpha: 1.7565391
beta: 1.4983951
gamma: 0.9094458
lambda: 2.9862142
rho: 1
w: 0.47431564
