Qmin: 0.0
Vmin: 3026861242.0
Vn: 3158997397.197145
Vtot: 6802358500.0
alpha: 0.63610405
beta: 2.2989745
gamma: 0.46439737
lambda: 1.6148343
rho: 1
w: 0.5750503
