Qmin: 0.849504
Vmin: 1203656921.0
Vn: 1612188511.967392
Vtot: 2501491273.0
alpha: 1.1757177
beta: 2.1575127
gamma: 0.64449096
lambda: 2.9789567
rho: 1
w: 0.13889469
