Qmin: 0.0
Vmin: 396751000.0
Vn: 803710394.79
Vtot: 2313050000.0
alpha: 0.38148183
beta: 1.3502185
gamma: 0.3474678
lambda: 2.9830909
rho: 0.5913357362416286
w: 0.77495354
