Qmin: 0.0
Vmin: 409637000.0
Vn: 452672079.64272
Vtot: 1584282000.0
alpha: 0.009380242
beta: 0.60792774
gamma: 0.28572696
lambda: 2.0292315
rho: 1
w: 0.93978894
