Qmin: 0.0
Vmin: 1887323078.0
Vn: 1989895229.2547135
Vtot: 3465172192.0
alpha: 2.439607
beta: 0.9437465
gamma: 0.5742558
lambda: 2.9835048
rho: 0.8785207805592096
w: 0.73645
