Qmin: 0.0
Vmin: 88130000.0
Vn: 243845943.965
Vtot: 399659000.0
alpha: 2.1433494
beta: 1.7942919
gamma: 0.610135
lambda: 0.90114546
rho: 1
w: 0.34302586
