Qmin: 0.0
Vmin: 516556000.00000006
Vn: 198496688.3701
Vtot: 630545000.0
alpha: 2.841678
beta: 1.697162
gamma: 0.31480178
lambda: 1.1864432
rho: 0.00015395965610927442
w: 0.47534263
