Qmin: 0.0
Vmin: 1987000.0
Vn: 66455438.804050006
Vtot: 133709000.0
alpha: 0.72524625
beta: 2.1345859
gamma: 0.49701545
lambda: 0.704367
rho: 1
w: 0.27234927
