Qmin: 0.0
Vmin: 2163732000.0
Vn: 2100937428.2448
Vtot: 3188420000.0
alpha: 0.1338433
beta: 2.2359335
gamma: 0.65892744
lambda: 2.845168
rho: 1
w: 0.76600516
