Qmin: 0.0
Vmin: 594884000.0
Vn: 619296346.1758001
Vtot: 1082519000.0
alpha: 2.0920846
beta: 0.68745047
gamma: 0.5720882
lambda: 2.9263084
rho: 0.7042132124711187
w: 0.94613856
