Qmin: 0.057
Vmin: 23635000.0
Vn: 40767860.55342
Vtot: 104727000.0
alpha: 1.0083272
beta: 0.8112158
gamma: 0.38927746
lambda: 2.9283795
rho: 0.8053018007311574
w: 0.78069746
