Qmin: 0.0
Vmin: 594884000.0
Vn: 645649188.7118
Vtot: 1082519000.0
alpha: 1.8305027
beta: 1.1151386
gamma: 0.5964322
lambda: 2.7693818
rho: 0.65711787377872
w: 0.05845322
