Qmin: 0.0
Vmin: 95930000.0
Vn: 150984680.119
Vtot: 251650000.0
alpha: 4.122344
beta: 1.1573509
gamma: 0.59997886
lambda: 2.9656708
rho: 0.35012360098366896
w: 0.25228634
