Qmin: 11.33
Vmin: 322870000.0
Vn: 331743329.1954
Vtot: 459180000.0
alpha: 3.8432856
beta: 1.0589756
gamma: 0.72246903
lambda: 2.9673429
rho: 0.03311573146066817
w: 0.743231
