Qmin: 0.0
Vmin: 23888000.0
Vn: 49921229.81238
Vtot: 102714000.0
alpha: 1.0966597
beta: 0.8835755
gamma: 0.48602167
lambda: 2.6682768
rho: 0.6761990150658929
w: 0.19245984
