Qmin: 0.062
Vmin: 46934000.0
Vn: 26875479.0132
Vtot: 78462000.0
alpha: 0.372473
beta: 1.1171272
gamma: 0.3425286
lambda: 1.7754446
rho: 1
w: 0.8318075
