Qmin: 0.0
Vmin: 1060858999.9999999
Vn: 1229941975.19544
Vtot: 2736396000.0
alpha: 2.0030782
beta: 1.4321634
gamma: 0.44947514
lambda: 1.1265403
rho: 0.006111156396130816
w: 0.6030938
