Qmin: 0.0
Vmin: 87934000.0
Vn: 243493253.38520002
Vtot: 738493000.0
alpha: 0.37133738
beta: 2.2840447
gamma: 0.3297164
lambda: 0.7478019
rho: 1
w: 0.063897185
