Qmin: 0.566
Vmin: 2559358000.0
Vn: 4360271643.0303
Vtot: 6876579000.0
alpha: 1.0025226
beta: 1.1371527
gamma: 0.6340757
lambda: 2.9809844
rho: 0.8602195018107761
w: 0.9219022
