Qmin: 0.0
Vmin: 1346432000.0
Vn: 1407053089.2672
Vtot: 3261696000.0
alpha: 0.7750382
beta: 0.7411025
gamma: 0.43138695
lambda: 2.959234
rho: 0.7262505256041776
w: 0.9968748
