Qmin: 0.0
Vmin: 1103000.0
Vn: 8148314.156288
Vtot: 1440832000.0
alpha: 2.947718
beta: 1.8468162
gamma: 0.005655284
lambda: 1.2573894
rho: 0.028310972027524913
w: 0.2449735
