Qmin: 2.803
Vmin: 178343000.0
Vn: 181491647.91758
Vtot: 681499000.0
alpha: 0.19313319
beta: 1.6197624
gamma: 0.26631242
lambda: 2.7470095
rho: 1
w: 0.94591343
