Qmin: 0.0
Vmin: 116212000.0
Vn: 540896792.29944
Vtot: 2205339000.0
alpha: 0.56912667
beta: 1.4911568
gamma: 0.24526696
lambda: 0.6597053
rho: 1
w: 0.17614329
