Qmin: 0.0
Vmin: 1884316000.0
Vn: 3275519610.7013197
Vtot: 3495164000.0
alpha: 0.9080304
beta: 1.6990265
gamma: 0.93715763
lambda: 2.7460158
rho: 1
w: 0.4599818
