Qmin: 0.0
Vmin: 68260000.0
Vn: 241629746.058
Vtot: 817644000.0
alpha: 0.5270074
beta: 1.1442347
gamma: 0.2955195
lambda: 0.74012387
rho: 1
w: 0.25783405
