Qmin: 0.0
Vmin: 1898634000.0
Vn: 3169300662.456
Vtot: 3669850000.0
alpha: 0.46888217
beta: 0.8868877
gamma: 0.86360496
lambda: 2.8607945
rho: 1
w: 0.60134685
