Qmin: 0.0
Vmin: 908785000.0
Vn: 890425798.4843999
Vtot: 1456956000.0
alpha: 0.8840254
beta: 0.76405364
gamma: 0.6111549
lambda: 2.7298393
rho: 0.306992032085848
w: 0.06001294
