Qmin: 0.0
Vmin: 5603000.0
Vn: 83120406.5205
Vtot: 144390000.0
alpha: 0.23420551
beta: 1.4556384
gamma: 0.57566595
lambda: 0.6782032
rho: 1
w: 0.117250495
