Qmin: 8.368
Vmin: 790907000.0
Vn: 1070617910.27
Vtot: 1608283000.0
alpha: 2.615085
beta: 1.4600941
gamma: 0.66569
lambda: 2.9666977
rho: 0.8499231073778408
w: 0.24736533
