Qmin: 31.149
Vmin: 12762818000.0
Vn: 17931341244.1448
Vtot: 23146252000.0
alpha: 1.4383267
beta: 1.9507227
gamma: 0.7746974
lambda: 1.0056639
rho: 1
w: 0.26892257
