Qmin: 591.821
Vmin: 366249000.0
Vn: 5107943816.02544
Vtot: 6558164000.0
alpha: 1.3347702
beta: 0.53813004
gamma: 0.77886796
lambda: 0.7600587
rho: 0.20061779027631918
w: 0.7020379
