Qmin: 0.503
Vmin: 5636000.0
Vn: 58456509.30812
Vtot: 122206000.0
alpha: 0.018921647
beta: 0.85331905
gamma: 0.47834402
lambda: 1.2858754
rho: 1
w: 0.95880437
