Qmin: 16.866
Vmin: 749222000.0
Vn: 1203194340.90656
Vtot: 1536032000.0
alpha: 1.0183961
beta: 1.0912465
gamma: 0.78331333
lambda: 2.9475973
rho: 0.4931284714303358
w: 0.98612213
