Qmin: 0.663
Vmin: 13224000.0
Vn: 144973412.7495
Vtot: 349165000.0
alpha: 0.6834715
beta: 2.1923609
gamma: 0.4152003
lambda: 1.3735229
rho: 1
w: 0.11888737
