Qmin: 9.68
Vmin: 287947000.0
Vn: 397381433.782
Vtot: 477145000.0
alpha: 0.3752648
beta: 0.73901653
gamma: 0.8328316
lambda: 2.1776035
rho: 1
w: 0.9963062
