Qmin: 0.048
Vmin: 2724000.0
Vn: 40510465.512159996
Vtot: 103544000.0
alpha: 0.069244064
beta: 0.53848594
gamma: 0.39123914
lambda: 0.45738184
rho: 1
w: 0.1898906
