Qmin: 0.0
Vmin: 13158000.0
Vn: 62765279.662599996
Vtot: 100307000.0
alpha: 0.4739661
beta: 1.4943631
gamma: 0.6257318
lambda: 0.70177156
rho: 1
w: 0.07794928
