Qmin: 0.0
Vmin: 654000.0
Vn: 17797814.643
Vtot: 32549999.999999996
alpha: 0.26774615
beta: 1.4793197
gamma: 0.54678386
lambda: 0.9376012
rho: 1
w: 0.98603123
