Qmin: 1.045
Vmin: 159094000.0
Vn: 514423385.08059996
Vtot: 797626000.0
alpha: 0.34843546
beta: 2.4215965
gamma: 0.6449431
lambda: 1.3919123
rho: 1
w: 0.5352151
