Qmin: 3.143
Vmin: 56987000.0
Vn: 595908312.4344
Vtot: 1078232000.0
alpha: 0.30943596
beta: 1.712037
gamma: 0.5526717
lambda: 0.6485124
rho: 1
w: 0.651069
