Qmin: 0.028
Vmin: 5002000.0
Vn: 224574009.60320002
Vtot: 328336000.0
alpha: 0.038563423
beta: 1.8249599
gamma: 0.6839762
lambda: 1.2876852
rho: 1
w: 0.85419726
