Qmin: 7.228
Vmin: 290777000.0
Vn: 815043945.9098
Vtot: 1094260000.0
alpha: 1.0092332
beta: 1.2115469
gamma: 0.74483573
lambda: 2.2391412
rho: 0.8531703644831025
w: 0.78620017
