Qmin: 0.064
Vmin: 27557000.0
Vn: 135744580.0816
Vtot: 187628000.0
alpha: 0.37076306
beta: 1.8012929
gamma: 0.7234772
lambda: 0.6079269
rho: 1
w: 0.079463586
