Qmin: 0.793
Vmin: 170928000.0
Vn: 163192460.094
Vtot: 234060000.0
alpha: 1.3349991
beta: 0.6575281
gamma: 0.6972249
lambda: 2.961926
rho: 0.27398999553849723
w: 0.9485254
