Qmin: 0.0
Vmin: 207476000.0
Vn: 920508005.47482
Vtot: 1348533000.0
alpha: 0.42415974
beta: 1.6943495
gamma: 0.68259954
lambda: 0.2585735
rho: 1
w: 0.2614665
