Qmin: 0.0
Vmin: 3445000.0
Vn: 31359868.2183
Vtot: 49429000.0
alpha: 0.078163244
beta: 1.1779382
gamma: 0.6344427
lambda: 0.84075785
rho: 1
w: 0.21920314
