Qmin: 0.0
Vmin: 14369000.0
Vn: 1021330564.4045
Vtot: 1296355000.0
alpha: 0.32046765
beta: 1.9425591
gamma: 0.7878479
lambda: 0.4281757
rho: 1
w: 0.020935137
