Qmin: 3.341
Vmin: 226928000.0
Vn: 858139093.2348
Vtot: 1302017000.0
alpha: 1.8175977
beta: 0.95628655
gamma: 0.6590844
lambda: 0.6260049
rho: 0.5938348763037942
w: 0.9514091
