Qmin: 5.991
Vmin: 29125000.0
Vn: 335874303.44664
Vtot: 432579000.0
alpha: 0.45775646
beta: 0.7974453
gamma: 0.77644616
lambda: 0.928199
rho: 0.7761375783025667
w: 0.982694
