Qmin: 0.0
Vmin: 87524000.0
Vn: 39648382.87234
Vtot: 110891000.0
alpha: 1.3733852
beta: 2.9217825
gamma: 0.35754374
lambda: 1.4837167
rho: 1.5831951615358746e-05
w: 0.50552833
