Qmin: 0.0
Vmin: 35253000.0
Vn: 124115613.8396
Vtot: 138452000.0
alpha: 0.33361587
beta: 1.2749751
gamma: 0.8964523
lambda: 0.9708206
rho: 1
w: 0.51021945
