Qmin: 0.057
Vmin: 154000.0
Vn: 27883519.85097
Vtot: 28581000.0
alpha: 1.692089
beta: 1.0483263
gamma: 0.97559637
lambda: 0.31513533
rho: 0.7315000240132419
w: 0.07664342
