Qmin: 0.001
Vmin: 1993000.0
Vn: 22806329.327600002
Vtot: 40082000.0
alpha: 0.23552682
beta: 1.7761465
gamma: 0.5689918
lambda: 0.605689
rho: 1
w: 0.20104496
