Qmin: 0.0
Vmin: 4276000.0
Vn: 68711945.9007
Vtot: 93701000.0
alpha: 0.29826868
beta: 1.1587727
gamma: 0.7333107
lambda: 0.7661543
rho: 1
w: 0.026000896
