Qmin: 15.178
Vmin: 3196334000.0
Vn: 4509035823.6737995
Vtot: 4827386000.0
alpha: 3.3253765
beta: 1.4147736
gamma: 0.9340533
lambda: 2.9667299
rho: 0.7042085340258124
w: 0.8962579
