Qmin: 0.119
Vmin: 14046000.0
Vn: 50234291.75552
Vtot: 80512000.0
alpha: 0.332298
beta: 1.3516594
gamma: 0.62393546
lambda: 1.2767203
rho: 1
w: 0.89649504
