Qmin: 0.0
Vmin: 2766000.0
Vn: 351490653.216
Vtot: 389808000.0
alpha: 2.6354477
beta: 2.1432903
gamma: 0.901702
lambda: 2.0666604
rho: 0.2281229024282844
w: 0.62482387
