Qmin: 0.0
Vmin: 1861000.0
Vn: 24332249.3986
Vtot: 47281000.0
alpha: 0.012990704
beta: 1.7511437
gamma: 0.5146306
lambda: 0.548314
rho: 1
w: 0.21721883
