Qmin: 1.242
Vmin: 54020000.0
Vn: 162313531.3926
Vtot: 189329000.0
alpha: 0.23831005
beta: 1.5374317
gamma: 0.8573094
lambda: 0.654441
rho: 1
w: 0.029135972
