Qmin: 0.0
Vmin: 109972000.0
Vn: 196219396.0629
Vtot: 206689000.0
alpha: 0.43420115
beta: 2.6279573
gamma: 0.9493461
lambda: 1.1131119
rho: 1
w: 0.024491442
