Qmin: 0.028
Vmin: 9119000.0
Vn: 117476810.57249999
Vtot: 120375000.0
alpha: 0.39467567
beta: 2.258433
gamma: 0.97592366
lambda: 0.76826024
rho: 1
w: 0.99796987
