Qmin: 0.227
Vmin: 41977000.0
Vn: 147277887.2677
Vtot: 189433000.0
alpha: 0.08706074
beta: 1.1538806
gamma: 0.7774669
lambda: 1.1006507
rho: 1
w: 0.9970576
