Qmin: 0.028
Vmin: 20605000.0
Vn: 4170353.9611300007
Vtot: 66623000.00000001
alpha: 0.65624195
beta: 0.5300446
gamma: 0.06259631
lambda: 0.89550877
rho: 0.6615684277265684
w: 0.94572014
