Qmin: 0.0
Vmin: 40006000.0
Vn: 112067330.8822
Vtot: 128279000.0
alpha: 0.078218855
beta: 2.686125
gamma: 0.8736218
lambda: 1.7004415
rho: 1
w: 0.99004
