Qmin: 0.007
Vmin: 30724000.0
Vn: 58239883.256759994
Vtot: 80214000.0
alpha: 0.59324485
beta: 1.4756768
gamma: 0.72605634
lambda: 1.5691118
rho: 1
w: 0.31970695
