Qmin: 0.708
Vmin: 28537000.0
Vn: 77331793.136
Vtot: 99280000.0
alpha: 0.19306035
beta: 1.5427318
gamma: 0.7789262
lambda: 2.9337184
rho: 1
w: 0.90273887
