Qmin: 0.708
Vmin: 20102000.0
Vn: 55900698.12850001
Vtot: 66793000.00000001
alpha: 0.54462546
beta: 1.6366694
gamma: 0.8369245
lambda: 1.0721638
rho: 0.7335480660705853
w: 0.32222778
