Qmin: 0.0
Vmin: 54806000.0
Vn: 123820102.181
Vtot: 130334000.0
alpha: 0.7373957
beta: 1.5565689
gamma: 0.9500215
lambda: 1.1287671
rho: 1
w: 0.31901962
