Qmin: 1.388
Vmin: 28842000.0
Vn: 99442189.1988
Vtot: 133530000.0
alpha: 0.27996522
beta: 2.1154377
gamma: 0.74471796
lambda: 2.2721884
rho: 1
w: 0.9971495
