Qmin: 0.0
Vmin: 249105000.0
Vn: 754831252.5795801
Vtot: 1022734000.0
alpha: 0.7063375
beta: 2.222335
gamma: 0.73805237
lambda: 1.3655046
rho: 1
w: 0.52722275
