Qmin: 0.0
Vmin: 114503000.0
Vn: 88184151.89719999
Vtot: 144988000.0
alpha: 0.5503527
beta: 1.9983338
gamma: 0.6082169
lambda: 1.2493991
rho: 0.05730349989877776
w: 0.62687826
