Qmin: 0.0
Vmin: 18323000.0
Vn: 102315779.61543001
Vtot: 154971000.0
alpha: 0.23624143
beta: 2.453893
gamma: 0.66022533
lambda: 1.21177
rho: 1
w: 0.32044652
