Qmin: 0.878
Vmin: 192237000.0
Vn: 455884000.83825
Vtot: 648987000.0
alpha: 0.27993596
beta: 0.8547018
gamma: 0.70245475
lambda: 2.105354
rho: 1
w: 0.65270084
