Qmin: 82.402
Vmin: 9813595000.0
Vn: 22385176698.588
Vtot: 31694515000.0
alpha: 3.5650642
beta: 1.3566669
gamma: 0.7062792
lambda: 0.40245992
rho: 0.6023058058612158
w: 0.5289018
