Qmin: 1.388
Vmin: 869167000.0
Vn: 2069642111.6873198
Vtot: 2073036999.9999998
alpha: 0.98486
beta: 1.9553989
gamma: 0.99836236
lambda: 0.983761
rho: 1
w: 0.38457996
