Qmin: 0.0
Vmin: 12002000.0
Vn: 182369314.33359998
Vtot: 245629000.0
alpha: 0.19783464
beta: 2.0928023
gamma: 0.7424584
lambda: 0.5094539
rho: 1
w: 0.007818913
