Qmin: 0
Vmin: 12002000.0
Vn: 186644560.7673
Vtot: 245629000.0
alpha: 0.33785915
beta: 1.6344634
gamma: 0.7598637
lambda: 0.48687452
rho: 1
w: 0.010786526
