Qmin: 0.0
Vmin: 1096338000.0
Vn: 993362005.8076
Vtot: 1430858000.0
alpha: 0.19855885
beta: 1.0398462
gamma: 0.6942422
lambda: 2.6335084
rho: 1
w: 0.10846282
