Qmin: 59.465
Vmin: 1401899000.0
Vn: 2069489675.09955
Vtot: 2504877000.0
alpha: 1.209579
beta: 0.7984352
gamma: 0.82618415
lambda: 2.826761
rho: 0.5535187865180782
w: 0.98820627
