Qmin: 28.09
Vmin: 254231000.0
Vn: 204112076.1732
Vtot: 334412000.0
alpha: 1.9651525
beta: 0.91934395
gamma: 0.6103611
lambda: 0.644766
rho: 0.022178483193655483
w: 0.98319954
