Qmin: 87.782
Vmin: 12376738000.0
Vn: 20970252530.89315
Vtot: 29515943000.0
alpha: 1.6774642
beta: 1.5852262
gamma: 0.71047205
lambda: 0.8255908
rho: 0.9673950524224716
w: 0.059472598
