Qmin: 0.0
Vmin: 30098000.0
Vn: 43912376.119899996
Vtot: 274555000.0
alpha: 1.3414459
beta: 1.6925536
gamma: 0.15994018
lambda: 1.5117964
rho: 1
w: 0.9885896
