Qmin: 0.028
Vmin: 49593000.0
Vn: 120576159.1531
Vtot: 127891000.0
alpha: 4.1496944
beta: 1.7505033
gamma: 0.9428041
lambda: 1.9486344
rho: 0.009114697829781394
w: 0.69724226
