Qmin: 16.99
Vmin: 18282641000.0
Vn: 23569873837.81083
Vtot: 28330569000.0
alpha: 0.001988792
beta: 2.0979347
gamma: 0.83195907
lambda: 2.9851296
rho: 1
w: 0.6645969
