Qmin: 0.0
Vmin: 29569000.0
Vn: 79182899.58004001
Vtot: 79246000.0
alpha: 1.7027277
beta: 0.8169969
gamma: 0.99920374
lambda: 1.5330697
rho: 0.9151452648234802
w: 0.088794515
