Qmin: 226.535
Vmin: 350308000.0
Vn: 285129272.45809996
Vtot: 567401000.0
alpha: 1.1010177
beta: 1.3160858
gamma: 0.5025181
lambda: 2.5449896
rho: 0.00679848254001392
w: 0.6071501
