Qmin: 0.0
Vmin: 72664000.0
Vn: 375585355.49399996
Vtot: 914580000.0
alpha: 0.33312857
beta: 1.5902061
gamma: 0.4106643
lambda: 0.93398607
rho: 1
w: 0.03568437
