Qmin: 0.006
Vmin: 14958000.0
Vn: 38197870.31056
Vtot: 76984000.0
alpha: 0.6425058
beta: 1.4294894
gamma: 0.49617934
lambda: 1.0282696
rho: 1
w: 0.1586078
