Qmin: 0.0
Vmin: 14000000.0
Vn: 17832163.075
Vtot: 19325000.0
alpha: 3.9059308
beta: 2.3950021
gamma: 0.922751
lambda: 2.865355
rho: 0.04559836896355753
w: 0.860624
