Qmin: 0.0
Vmin: 140558000.0
Vn: 138318654.16656
Vtot: 387018000.0
alpha: 0.92008555
beta: 0.5758078
gamma: 0.35739592
lambda: 2.9575121
rho: 1
w: 0.83818877
