Qmin: 0.85
Vmin: 79684000.0
Vn: 230935879.48999998
Vtot: 364475000.0
alpha: 1.5469089
beta: 0.65445226
gamma: 0.6336124
lambda: 0.7056377
rho: 0.47866655848544043
w: 0.03660737
