Qmin: 0.0
Vmin: 1331920000.0
Vn: 1111430419.52408
Vtot: 6193534000.0
alpha: 0.30921787
beta: 1.2142572
gamma: 0.17945012
lambda: 1.1761323
rho: 1
w: 0.8900377
