Qf: 198.9717167900092
Qn: 130.97123108761068
Ve: 1295154320.9314
Vf: 1294156000.0
Vmin: 14369000.0
Vtot: 1296355000.0
k: 0.9957695267410542
