FFf: 0.8000159
QQf: 0.9662947
alpha: 0.6839449
beta: 0.08221303
gamma: 0.23087098
k: 3.5482066
