FFf: 0.67218363
QQf: 0.93670213
alpha: 0.01258722
beta: 0.42550567
gamma: 0.043313194
k: 4.5135946
