Qf: 775.5531799738362
Qmin: 0
Qn: 34.26809316253489
Vf: 1653627870.0
Vmin: 843139000.0
Vn: 1142196570.0
Vn_adj: 1414959930.0
Vtot: 1704771000.0
k: 1.2
