Qf: 1418.4257666954375
Qmin: 0
Qn: 115.84465855292326
Vf: 1711772580.0
Vmin: 442253000.0
Vn: 1182358380.0
Vn_adj: 1464712620.0
Vtot: 1764714000.0
k: 1.2
