Qf: 16.16544329769395
Qmin: 0
Qn: 1.1904345854922123
Vf: 32494030.000000004
Vmin: 8928000.0
Vn: 22444330.000000004
Vn_adj: 27804170.0
Vtot: 33499000.000000004
k: 1.2
