Qf: 977.4691734358418
Qmin: 0
Qn: 43.418976681502535
Vf: 2419465099.49
Vmin: 1569627970.0
Vn: 1671176924.39
Vn_adj: 2070263951.11
Vtot: 2494293917.0
k: 1.2
