Qf: 1790.7827453406353
Qmin: 0
Qn: 189.5721322290263
Vf: 6598287745.0
Vmin: 3026861242.0
Vn: 4557580195.0
Vn_adj: 5645957555.0
Vtot: 6802358500.0
k: 1.2
