Qf: 2167.677384642757
Qmin: 0
Qn: 321.63603964030153
Vf: 1536753540.0
Vmin: 409637000.0
Vn: 1061468940.0000001
Vn_adj: 1314954060.0
Vtot: 1584282000.0
k: 1.2
