Qf: 110.66150513355801
Qmin: 0
Qn: 4.4062694221730725
Vf: 387669230.0
Vmin: 88130000.0
Vn: 267771530.00000003
Vn_adj: 331716970.0
Vtot: 399659000.0
k: 1.2
