Qf: 167.51824872012324
Qmin: 0
Qn: 4.793717407137674
Vf: 244100500.0
Vmin: 95930000.0
Vn: 168605500.0
Vn_adj: 208869500.0
Vtot: 251650000.0
k: 1.2
