Qf: 752.8405632215536
Qmin: 0
Qn: 42.533588558855875
Vf: 716338210.0
Vmin: 87934000.0
Vn: 494790310.0
Vn_adj: 612949190.0
Vtot: 738493000.0
k: 1.2
