Qf: 1300.660975277102
Qmin: 0
Qn: 205.48527973469967
Vf: 3163845120.0
Vmin: 1346432000.0
Vn: 2185336320.0
Vn_adj: 2707207680.0
Vtot: 3261696000.0
k: 1.2
