Qf: 1412.3414544722448
Qmin: 0
Qn: 106.78467009947356
Vf: 1397607040.0
Vmin: 1103000.0
Vn: 965357440.0
Vn_adj: 1195890560.0
Vtot: 1440832000.0
k: 1.2
