Qf: 644.9782903141626
Qmin: 2.803
Qn: 38.056081880301505
Vf: 661054030.0
Vmin: 178343000.0
Vn: 456604330.0
Vn_adj: 565644170.0
Vtot: 681499000.0
k: 1.2
