Qf: 790.6409566412646
Qmin: 0
Qn: 73.56548209267085
Vf: 2139178830.0
Vmin: 116212000.0
Vn: 1477577130.0
Vn_adj: 1830431370.0
Vtot: 2205339000.0
k: 1.2
