Qf: 1040.5883701226776
Qmin: 0
Qn: 222.02342738782372
Vf: 3559754500.0
Vmin: 1898634000.0
Vn: 2458799500.0
Vn_adj: 3045975500.0
Vtot: 3669850000.0
k: 1.2
