Qf: 1467.9046861822296
Qmin: 0
Qn: 244.584936228973
Vf: 1413247320.0
Vmin: 908785000.0
Vn: 976160520.0
Vn_adj: 1209273480.0
Vtot: 1456956000.0
k: 1.2
