Qf: 110.892078191179
Qmin: 0
Qn: 11.066679613437627
Vf: 140058300.0
Vmin: 5603000.0
Vn: 96741300.0
Vn_adj: 119843700.0
Vtot: 144390000.0
k: 1.2
