Qf: 202.5619857035454
Qmin: 8.368
Qn: 21.801052643269788
Vf: 1560034510.0
Vmin: 790907000.0
Vn: 1077549610.0
Vn_adj: 1334874890.0
Vtot: 1608283000.0
k: 1.2
