Qf: 841.2484612695572
Qmin: 31.149
Qn: 264.34845948799756
Vf: 22451864440.0
Vmin: 12762818000.0
Vn: 15507988840.0
Vn_adj: 19211389160.0
Vtot: 23146252000.0
k: 1.2
