Qf: 3476.8744908807453
Qmin: 591.821
Qn: 3082.960005331244
Vf: 6361419080.0
Vmin: 366249000.0
Vn: 4393969880.0
Vn_adj: 5443276120.0
Vtot: 6558164000.0
k: 1.2
