Qf: 121.9358406242502
Qmin: 0.503
Qn: 19.918658491788985
Vf: 118539820.0
Vmin: 5636000.0
Vn: 81878020.0
Vn_adj: 101430980.0
Vtot: 122206000.0
k: 1.2
