Qf: 21.573576526854264
Qmin: 0.663
Qn: 8.684667219139557
Vf: 338690050.0
Vmin: 13224000.0
Vn: 233940550.0
Vn_adj: 289806950.0
Vtot: 349165000.0
k: 1.2
