Qf: 67.79529227942565
Qmin: 9.68
Qn: 29.912184454620192
Vf: 462830650.0
Vmin: 287947000.0
Vn: 319687150.0
Vn_adj: 396030350.0
Vtot: 477145000.0
k: 1.2
