Qf: 15.97669638161505
Qmin: 0.048
Qn: 2.771906526379996
Vf: 100437680.0
Vmin: 2724000.0
Vn: 69374480.0
Vn_adj: 85941520.0
Vtot: 103544000.0
k: 1.2
