Qf: 18.97024567133988
Qmin: 0
Qn: 2.7465832049306806
Vf: 31573499.999999996
Vmin: 654000.0
Vn: 21808500.0
Vn_adj: 27016499.999999996
Vtot: 32549999.999999996
k: 1.2
