Qf: 176.22553600792818
Qmin: 3.143
Qn: 41.15231771996807
Vf: 1045885040.0
Vmin: 56987000.0
Vn: 722415440.0
Vn_adj: 894932560.0
Vtot: 1078232000.0
k: 1.2
