Qf: 85.53400896426363
Qmin: 0.793
Qn: 39.82717276828639
Vf: 227038200.0
Vmin: 170928000.0
Vn: 156820200.0
Vn_adj: 194269800.0
Vtot: 234060000.0
k: 1.2
