Qf: 19.165922171701002
Qmin: 0
Qn: 2.364683483802432
Vf: 47946130.0
Vmin: 3445000.0
Vn: 33117430.000000004
Vn_adj: 41026070.0
Vtot: 49429000.0
k: 1.2
