Qf: 330.03727428421774
Qmin: 0
Qn: 90.04675490455985
Vf: 1257464350.0
Vmin: 14369000.0
Vn: 868557850.0
Vn_adj: 1075974650.0
Vtot: 1296355000.0
k: 1.2
