Qf: 218.6400842391703
Qmin: 15.178
Qn: 58.982967247964325
Vf: 4682564420.0
Vmin: 3196334000.0
Vn: 3234348620.0
Vn_adj: 4006730380.0
Vtot: 4827386000.0
k: 1.2
