Qf: 45.934650335615395
Qmin: 0
Qn: 9.347090449037761
Vf: 378113760.0
Vmin: 2766000.0
Vn: 261171360.00000003
Vn_adj: 323540640.0
Vtot: 389808000.0
k: 1.2
