Qf: 37.397314443394684
Qmin: 1.242
Qn: 10.00554575901131
Vf: 183649130.0
Vmin: 54020000.0
Vn: 126850430.00000001
Vn_adj: 157143070.0
Vtot: 189329000.0
k: 1.2
