Qf: 13.82019199258143
Qmin: 0
Qn: 5.643224105650296
Vf: 200488330.0
Vmin: 109972000.0
Vn: 138481630.0
Vn_adj: 171551870.0
Vtot: 206689000.0
k: 1.2
