Qf: 19.772433637099777
Qmin: 0.028
Qn: 4.0448029473229505
Vf: 116763750.0
Vmin: 9119000.0
Vn: 80651250.0
Vn_adj: 99911250.0
Vtot: 120375000.0
k: 1.2
