Qf: 50.88886747565866
Qmin: 0.227
Qn: 12.68640633130064
Vf: 183750010.0
Vmin: 41977000.0
Vn: 126920110.00000001
Vn_adj: 157229390.0
Vtot: 189433000.0
k: 1.2
