Qf: 36.343253848303526
Qmin: 0.028
Qn: 7.019664882400721
Vf: 64624310.00000001
Vmin: 20605000.0
Vn: 44637410.00000001
Vn_adj: 55297090.0
Vtot: 66623000.00000001
k: 1.2
