Qf: 25.219933503043343
Qmin: 0
Qn: 4.908446743592589
Vf: 124430630.0
Vmin: 40006000.0
Vn: 85946930.0
Vn_adj: 106471570.0
Vtot: 128279000.0
k: 1.2
