Qf: 19.200166006598568
Qmin: 0.007
Qn: 2.609110856905155
Vf: 77807580.0
Vmin: 30724000.0
Vn: 53743380.0
Vn_adj: 66577620.0
Vtot: 80214000.0
k: 1.2
