Qf: 16.12080675256113
Qmin: 0.708
Qn: 4.6996397078959316
Vf: 64789210.00000001
Vmin: 20102000.0
Vn: 44751310.00000001
Vn_adj: 55438190.0
Vtot: 66793000.00000001
k: 1.2
