Qf: 8.318217357286946
Qmin: 0
Qn: 3.297296405741161
Vf: 126423980.0
Vmin: 54806000.0
Vn: 87323780.0
Vn_adj: 108177220.0
Vtot: 130334000.0
k: 1.2
