Qf: 146.8323447254308
Qmin: 0
Qn: 37.42794717878519
Vf: 992051980.0
Vmin: 249105000.0
Vn: 685231780.0
Vn_adj: 848869220.0
Vtot: 1022734000.0
k: 1.2
