Qf: 110.11581904278967
Qmin: 0
Qn: 34.93782040382582
Vf: 140638360.0
Vmin: 114503000.0
Vn: 97141960.0
Vn_adj: 120340040.0
Vtot: 144988000.0
k: 1.2
