Qf: 229.94396736562317
Qmin: 0.878
Qn: 65.54172732300883
Vf: 629517390.0
Vmin: 192237000.0
Vn: 434821290.0
Vn_adj: 538659210.0
Vtot: 648987000.0
k: 1.2
