Qf: 61.32697410107795
Qmin: 0
Qn: 14.340441846220376
Vf: 238260130.0
Vmin: 12002000.0
Vn: 164571430.0
Vn_adj: 203872070.0
Vtot: 245629000.0
k: 1.2
