Qf: 7.633703225257115
Qmin: 0
Qn: 1.6450037349308495
Vf: 76868620.0
Vmin: 29569000.0
Vn: 53094820.0
Vn_adj: 65774180.0
Vtot: 79246000.0
k: 1.2
