Qf: 658.4120730597156
Qmin: 226.535
Qn: 724.8887718455552
Vf: 550378970.0
Vmin: 350308000.0
Vn: 380158670.0
Vn_adj: 470942830.0
Vtot: 567401000.0
k: 1.2
