Qf: 7.564875659054822
Qmin: 0
Qn: 0.5694470117464745
Vf: 18745250.0
Vmin: 14000000.0
Vn: 12947750.0
Vn_adj: 16039750.0
Vtot: 19325000.0
k: 1.2
