Qf: 239.18368271328808
Qmin: 0
Qn: 6.482864443338607
Vf: 375407460.0
Vmin: 140558000.0
Vn: 259302060.00000003
Vn_adj: 321224940.0
Vtot: 387018000.0
k: 1.2
