Qf: 92.78239667238506
Qmin: 0.85
Qn: 23.032088710476838
Vf: 353540750.0
Vmin: 79684000.0
Vn: 244198250.0
Vn_adj: 302514250.0
Vtot: 364475000.0
k: 1.2
