Qmin: 0
T: 12.364262
Vmin: 8928000.0
Vtot: 33499000.000000004
