Qmin: 0
T: 29.101063
Vmin: 536198999.99999994
Vtot: 2176493000.0
