Qmin: 0.849504
T: 164.21967
Vmin: 1203656921.0
Vtot: 2501491273.0
