Qmin: 0
T: 53.773865
Vmin: 1060858999.9999999
Vtot: 2736396000.0
