Qmin: 0
T: 91.47736
Vmin: 654000.0
Vtot: 32549999.999999996
