Qmin: 0.028
T: 181.98857000000004
Vmin: 20605000.0
Vtot: 66623000.00000001
