Qmin: 0.708
T: 167.54557999999997
Vmin: 20102000.0
Vtot: 66793000.00000001
