Qmin: 1.388
T: 662.97644
Vmin: 869167000.0
Vtot: 2073036999.9999998
