FFf: 0.32645845
QQf: 0.5625183
alpha: 0.76499736
beta: 0.4961994
gamma: 0.38163802
k: 3.2561653
