Qf: 267.55124411775
Qmin: 0
Qn: 90.43733709762671
Vf: 1095990410.09065
Vmin: 14369000.0
Vn: 507154027.10790044
Vn_adj: 980904299.861827
Vtot: 1296355000.0
k: 2.3985598
