Qmin: 0
T: 325.69610471044564
Vmin: 8928000.0
Vtot: 33499000.000000004
