Qmin: 0
T: 20.808513048948218
Vmin: 1060858999.9999999
Vtot: 2736396000.0
