Qmin: 0
T: 137.16537348469632
Vmin: 654000.0
Vtot: 32549999.999999996
