Qmin: 0.708
T: 164.49497784495873
Vmin: 20102000.0
Vtot: 66793000.00000001
