Qmin: 1.388
T: 663.7203740151831
Vmin: 869167000.0
Vtot: 2073036999.9999998
