Qf: 330.03727428421774
Qn: 90.04675490455985
Ve: 1275759200.0
Vf: 1193376000.0
Vmin: 596688000.0
Vtot: 1296355000.0
k: 0.8018872643324355
