Qmin: 0
Vmin: 14369000.0
Vn: 1275635000.0
Vtot: 1296355000.0
alpha: 0.5
beta: 1
gamma: 0.9840167238140787
lambda: 1
rho: 0.9130178523519792
w: 0.1
