Qf: 86.366
Qmin: 0
Qn: 33.6963167352
Vf: 996622460.91282
Vmin: 442253000.0
Vn: 777347690.994351
Vn_adj: 950401181.322074
Vtot: 1764714000.0
k: 4.9291716
