Qf: 630.9013419792157
Qmin: 0
Qn: 82.18012996491785
Vf: 1174197484.5861125
Vmin: 2602396104.0
Vn: 2190109953.4935794
Vn_adj: 1436672053.6780658
Vtot: 4555364988.0
k: 4.427521
