Qf: 1.41584
Qmin: 0
Qn: 1.2348153273968
Vf: 1499418273.860212
Vmin: 1569627970.0
Vn: 1550834937.825875
Vn_adj: 1544341879.5377996
Vtot: 2494293917.0
k: 2.1860592
