Qf: 295.35877603750015
Qmin: 0
Qn: 172.26635211472615
Vf: 3466946492.6855497
Vmin: 3026861242.0
Vn: 3263680374.7875686
Vn_adj: 3400094604.0692596
Vtot: 6802358500.0
k: 2.869019
