Qf: 16.99008
Qmin: 0.849504
Qn: 13.969728842783999
Vf: 2475587830.5698304
Vmin: 1203656921.0
Vn: 1593088688.288742
Vn_adj: 2201172692.529499
Vtot: 2501491273.0
k: 2.7702882
