Qf: 985.425
Qmin: 0
Qn: 962.1320165625
Vf: 1536397013.17872
Vmin: 409637000.0
Vn: 719345806.5143913
Vn_adj: 1038438046.9316468
Vtot: 1584282000.0
k: 3.1512089
