Qf: 4.531
Qmin: 0
Qn: 3.4480225818999997
Vf: 352541362.0586
Vmin: 88130000.0
Vn: 134723774.3437667
Vn_adj: 183058681.9853654
Vtot: 399659000.0
k: 4.304606
