Qf: 2644.6184181984004
Qmin: 0
Qn: 1897.1127909051534
Vf: 408803762.03
Vmin: 516556000.00000006
Vn: 514289694.91301847
Vn_adj: 479013289.6615519
Vtot: 630545000.0
k: 2.2171044
