Qf: 1.048
Qmin: 0
Qn: 0.19914967936
Vf: 119900965.1663
Vmin: 1987000.0
Vn: 27604471.60886291
Vn_adj: 42992814.01026699
Vtot: 133709000.0
k: 4.6852274
