Qf: 0.0
Qmin: 0
Qn: 0.0
Vf: 1280512993.9329998
Vmin: 2163732000.0
Vn: 1609874582.1018076
Vn_adj: 1395338897.5054548
Vtot: 3188420000.0
k: 3.3056123
