Qf: 15.169695803600007
Qmin: 0
Qn: 4.729611398373403
Vf: 276417513.60983
Vmin: 594884000.0
Vn: 441959944.13676363
Vn_adj: 324804301.3086835
Vtot: 1082519000.0
k: 1.74984
