Qf: 19.822
Qmin: 0
Qn: 9.1924515089
Vf: 242197975.67
Vmin: 95930000.0
Vn: 111327934.6212422
Vn_adj: 212081240.49877086
Vtot: 251650000.0
k: 2.162976
