Qf: 4.134
Qmin: 0
Qn: 3.3343430172
Vf: 65493152.9139
Vmin: 23888000.0
Vn: 43650316.99392235
Vn_adj: 62972935.24258735
Vtot: 102714000.0
k: 3.3268094
