Qf: 2.3015131246000005
Qmin: 0.062
Qn: 0.43978606235232837
Vf: 77671207.39446001
Vmin: 46934000.0
Vn: 60062366.90523551
Vn_adj: 68135969.20390752
Vtot: 78462000.0
k: 3.3473988
