Qf: 269.375824884
Qmin: 0
Qn: 221.03685300390822
Vf: 3218342189.1072
Vmin: 1346432000.0
Vn: 1893829867.0723305
Vn_adj: 2551325002.3225946
Vtot: 3261696000.0
k: 3.8471465
