Qf: 28.99211792199999
Qmin: 0
Qn: 3.241242969291233
Vf: 129964061.5194
Vmin: 5603000.0
Vn: 9485355.22835316
Vn_adj: 13557343.698890127
Vtot: 144390000.0
k: 1.2660377
