Qf: 50.74281459940003
Qmin: 8.368
Qn: 9.88814622850257
Vf: 1291460030.22518
Vmin: 790907000.0
Vn: 829191513.2015457
Vn_adj: 889772176.7949917
Vtot: 1608283000.0
k: 2.0860686
