Qf: 2415.423
Qmin: 591.821
Qn: 2408.8952468798097
Vf: 6349745941.56984
Vmin: 366249000.0
Vn: 2213718063.13678
Vn_adj: 4084697672.8254614
Vtot: 6558164000.0
k: 4.558863
