Qf: 53.585951323499984
Qmin: 0.503
Qn: 38.519526981364834
Vf: 120622527.9756
Vmin: 5636000.0
Vn: 98673934.01157586
Vn_adj: 110242886.44471464
Vtot: 122206000.0
k: 2.0485377
