Qf: 9.871
Qmin: 0.663
Qn: 5.7522189393300005
Vf: 210801594.949
Vmin: 13224000.0
Vn: 84363449.00387363
Vn_adj: 108364166.72022168
Vtot: 349165000.0
k: 4.088666
