Qf: 38.73547113184
Qmin: 9.68
Qn: 29.130081413393107
Vf: 384677114.1555
Vmin: 287947000.0
Vn: 357681654.55096024
Vn_adj: 358735306.0471789
Vtot: 477145000.0
k: 3.1122074
