Qf: 3.937772548600001
Qmin: 0.048
Qn: 2.6666930409785836
Vf: 85697632.46239999
Vmin: 2724000.0
Vn: 6285053.230921712
Vn_adj: 31211222.101621278
Vtot: 103544000.0
k: 2.253433
