Qf: 11.366994913800001
Qmin: 0
Qn: 5.199189929115028
Vf: 98353009.6093
Vmin: 13158000.0
Vn: 39628460.083901316
Vn_adj: 70276367.9195404
Vtot: 100307000.0
k: 3.6005971
