Qf: 46.901103806600005
Qmin: 3.143
Qn: 35.28559988840935
Vf: 959009041.22752
Vmin: 56987000.0
Vn: 262450076.66292718
Vn_adj: 441414742.4398214
Vtot: 1078232000.0
k: 3.1205165
