Qf: 45.661796126800006
Qmin: 7.228
Qn: 22.992335343606307
Vf: 1049886881.592
Vmin: 290777000.0
Vn: 436763539.24552715
Vn_adj: 638083545.1774056
Vtot: 1094260000.0
k: 2.5438442
