Qf: 17.879785031680008
Qmin: 0.064
Qn: 10.972373503359222
Vf: 185584262.01
Vmin: 27557000.0
Vn: 128492847.56743598
Vn_adj: 141738837.8704887
Vtot: 187628000.0
k: 3.35462
