Qf: 13.535
Qmin: 0.793
Qn: 4.8987534098
Vf: 154853323.602
Vmin: 170928000.0
Vn: 166484426.72881696
Vn_adj: 165835497.70974782
Vtot: 234060000.0
k: 4.070655
