Qf: 101.4413177116
Qmin: 0
Qn: 92.39992711612702
Vf: 1277101794.811
Vmin: 14369000.0
Vn: 782308030.6541965
Vn_adj: 945081404.0033908
Vtot: 1296355000.0
k: 3.60213
