Qf: 40.374919418880005
Qmin: 5.991
Qn: 29.503419228950523
Vf: 395610020.0178
Vmin: 29125000.0
Vn: 216706069.6213767
Vn_adj: 264287078.0224888
Vtot: 432579000.0
k: 2.304322
