Qf: 12.973843894200002
Qmin: 0
Qn: 11.400529846761572
Vf: 88233795.89466
Vmin: 4276000.0
Vn: 75451937.629697
Vn_adj: 81653107.6778326
Vtot: 93701000.0
k: 2.9887033
