Qf: 11.313248739999993
Qmin: 0
Qn: 7.959608112407843
Vf: 45631332.8133
Vmin: 1861000.0
Vn: 44007254.31091227
Vn_adj: 45417749.534856446
Vtot: 47281000.0
k: 4.2339816
