Qf: 6.167
Qmin: 0.007
Qn: 2.14245187695
Vf: 78802337.87820001
Vmin: 30724000.0
Vn: 52992271.634596296
Vn_adj: 65272377.495072246
Vtot: 80214000.0
k: 2.5397248
