Qf: 51.1784037128
Qmin: 0
Qn: 26.48745244418869
Vf: 1008386678.3543999
Vmin: 249105000.0
Vn: 383252153.5176133
Vn_adj: 593905922.3227022
Vtot: 1022734000.0
k: 3.5817056
