Qf: 23.894843318219994
Qmin: 0
Qn: 8.808885602123368
Vf: 46800927.34924
Vmin: 114503000.0
Vn: 96306830.38122019
Vn_adj: 53185126.42444513
Vtot: 144988000.0
k: 2.0589938
