Qf: 468.01618823819996
Qmin: 82.402
Qn: 401.1586716998084
Vf: 30519870317.05325
Vmin: 9813595000.0
Vn: 19493393574.001495
Vn_adj: 21344184607.909245
Vtot: 31694515000.0
k: 3.1123405
