Qf: 23.404931684159994
Qmin: 0
Qn: 9.17648624957386
Vf: 235746429.13383
Vmin: 12002000.0
Vn: 59325870.9638956
Vn_adj: 90571306.72567773
Vtot: 245629000.0
k: 4.1500063
