Qf: 506.82750635
Qmin: 0
Qn: 25.34781962924324
Vf: 592740839.14474
Vmin: 1096338000.0
Vn: 859312004.1565291
Vn_adj: 845875128.1784623
Vtot: 1430858000.0
k: 1.6761303
