Qf: 283.168
Qmin: 87.782
Qn: 38.37873313792
Vf: 28384689584.87102
Vmin: 12376738000.0
Vn: 23822140522.678276
Vn_adj: 27837120049.848473
Vtot: 29515943000.0
k: 4.399115
