Qf: 622.971
Qmin: 226.535
Qn: 333.40161978
Vf: 356367035.40910006
Vmin: 350308000.0
Vn: 355298834.3737761
Vn_adj: 356063981.3275534
Vtot: 567401000.0
k: 3.8403976
