Qf: 7.733463591100013
Qmin: 0.006
Qn: 6.903468064492485
Vf: 75644024.1944
Vmin: 14958000.0
Vn: 29804480.80591842
Vn_adj: 48895212.182349466
Vtot: 76984000.0
k: 4.89254
