Qmin: 0
Vmin: 843139000.0
Vn: 900148648.72914
Vtot: 1704771000.0
alpha: 0.6747151
beta: 1.7958834
gamma: 0.52801734
lambda: 2.9778156
rho: 1
w: 0.95003694
