Qmin: 0
Vmin: 442253000.0
Vn: 529491141.53040004
Vtot: 1764714000.0
alpha: 0.021304974
beta: 0.79197395
gamma: 0.3000436
lambda: 2.2939906
rho: 1
w: 0.9957565
