Qmin: 0
Vmin: 2602396104.0
Vn: 2599414712.543975
Vtot: 4555364988.0
alpha: 1.81699
beta: 1.5661292
gamma: 0.5706271
lambda: 2.978738
rho: 0.4722403973256224
w: 0.8287162
