Qmin: 0
Vmin: 8928000.0
Vn: 9381363.460940002
Vtot: 33499000.000000004
alpha: 0.487648
beta: 1.2059335
gamma: 0.28004906
lambda: 2.9584823
rho: 1
w: 0.2901777
