Qmin: 0
Vmin: 536198999.99999994
Vn: 628563016.55125
Vtot: 2176493000.0
alpha: 0.6605318
beta: 1.6878563
gamma: 0.28879625
lambda: 2.9758325
rho: 1
w: 0.98561984
