Qmin: 0
Vmin: 1569627970.0
Vn: 2354544490.421195
Vtot: 2494293917.0
alpha: 0.88184273
beta: 0.5262305
gamma: 0.94397235
lambda: 2.867816
rho: 1
w: 0.59618956
