Qmin: 0
Vmin: 3026861242.0
Vn: 3181900598.1487203
Vtot: 6802358500.0
alpha: 0.94945806
beta: 1.6397834
gamma: 0.46776432
lambda: 1.6347327
rho: 1
w: 0.55443376
