Qmin: 0.849504
Vmin: 1203656921.0
Vn: 1601187303.5575163
Vtot: 2501491273.0
alpha: 1.3892332
beta: 1.7554735
gamma: 0.6400931
lambda: 2.9874978
rho: 0.9209659188440437
w: 0.3003873
