Qmin: 0
Vmin: 396751000.0
Vn: 840420394.991
Vtot: 2313050000.0
alpha: 0.90214926
beta: 0.5181786
gamma: 0.36333862
lambda: 2.9166067
rho: 0.5233005283057378
w: 0.9270025
