Qmin: 0
Vmin: 409637000.0
Vn: 436326582.80694
Vtot: 1584282000.0
alpha: 0.0891704
beta: 1.1571245
gamma: 0.27540967
lambda: 1.8734658
rho: 1
w: 0.81403655
