Qmin: 0
Vmin: 1887323078.0
Vn: 1830235341.4049983
Vtot: 3465172192.0
alpha: 2.3634195
beta: 0.7078907
gamma: 0.5281802
lambda: 2.3921773
rho: 0.9280475502168553
w: 0.95450544
