Qmin: 0
Vmin: 88130000.0
Vn: 246379206.51604
Vtot: 399659000.0
alpha: 2.384891
beta: 1.6060783
gamma: 0.61647356
lambda: 0.89949054
rho: 1
w: 0.4398025
