Qmin: 0
Vmin: 516556000.00000006
Vn: 620019501.4785
Vtot: 630545000.0
alpha: 3.8611317
beta: 1.468292
gamma: 0.9833073
lambda: 2.728176
rho: 0.00032107793326017196
w: 0.5349637
