Qmin: 0
Vmin: 1987000.0
Vn: 65869714.495740004
Vtot: 133709000.0
alpha: 0.30495542
beta: 1.8418745
gamma: 0.49263486
lambda: 0.6849429
rho: 1
w: 0.31785244
