Qmin: 0
Vmin: 2163732000.0
Vn: 2117563093.6086001
Vtot: 3188420000.0
alpha: 1.1636405
beta: 1.4963844
gamma: 0.66414183
lambda: 2.9753785
rho: 1
w: 0.9320024
