Qmin: 0
Vmin: 594884000.0
Vn: 640080927.4796001
Vtot: 1082519000.0
alpha: 2.2149303
beta: 0.8141696
gamma: 0.5912884
lambda: 2.9396694
rho: 0.6301232251035033
w: 0.9609393
