Qmin: 0.057
Vmin: 23635000.0
Vn: 40983931.20528
Vtot: 104727000.0
alpha: 1.0403575
beta: 0.669899
gamma: 0.39134064
lambda: 2.9525836
rho: 0.8191466423759769
w: 0.7608762
