Qmin: 0
Vmin: 594884000.0
Vn: 620590172.8846
Vtot: 1082519000.0
alpha: 1.5277529
beta: 1.3816451
gamma: 0.5732834
lambda: 2.8585143
rho: 0.7629466677269613
w: 0.78100896
