Qmin: 0
Vmin: 95930000.0
Vn: 147955770.389
Vtot: 251650000.0
alpha: 3.5508304
beta: 1.3879856
gamma: 0.58794266
lambda: 2.9890473
rho: 0.3494105710857069
w: 0.6632804
