Qmin: 11.33
Vmin: 322870000.0
Vn: 170591219.9532
Vtot: 459180000.0
alpha: 3.8320322
beta: 0.6886108
gamma: 0.37151274
lambda: 1.1635761
rho: 0.10925947883595397
w: 0.040361814
