Qmin: 0
Vmin: 23888000.0
Vn: 49502401.151700005
Vtot: 102714000.0
alpha: 0.9636943
beta: 1.277941
gamma: 0.48194405
lambda: 2.679579
rho: 0.6820742095367072
w: 0.17142305
