Qmin: 0.062
Vmin: 46934000.0
Vn: 17919142.92918
Vtot: 78462000.0
alpha: 0.22811636
beta: 2.1003103
gamma: 0.22837989
lambda: 1.163652
rho: 1
w: 0.7876371
