Qmin: 0
Vmin: 1060858999.9999999
Vn: 1224712284.6160798
Vtot: 2736396000.0
alpha: 2.8839247
beta: 1.385917
gamma: 0.44756398
lambda: 1.1732564
rho: 0.004348584441710874
w: 0.78635454
