Qmin: 0
Vmin: 87934000.0
Vn: 255139583.3924
Vtot: 738493000.0
alpha: 0.303135
beta: 0.7615694
gamma: 0.3454868
lambda: 0.8490666
rho: 1
w: 0.012687162
