Qmin: 0.566
Vmin: 2559358000.0
Vn: 4834689235.04295
Vtot: 6876579000.0
alpha: 0.4972822
beta: 1.4211477
gamma: 0.70306605
lambda: 2.8680992
rho: 1
w: 0.9223751
