Qmin: 0
Vmin: 1346432000.0
Vn: 1401589128.74496
Vtot: 3261696000.0
alpha: 0.07828713
beta: 0.8915978
gamma: 0.42971176
lambda: 2.972978
rho: 1
w: 0.8676567
