Qmin: 0
Vmin: 1103000.0
Vn: 4596992.2182336
Vtot: 1440832000.0
alpha: 3.6037683
beta: 1.204477
gamma: 0.0031905123
lambda: 0.94250685
rho: 0.07679021450392759
w: 0.29664192
