Qmin: 2.803
Vmin: 178343000.0
Vn: 180379032.65018
Vtot: 681499000.0
alpha: 0.3553915
beta: 1.6279112
gamma: 0.26467982
lambda: 2.468662
rho: 1
w: 0.50843954
