Qmin: 0
Vmin: 116212000.0
Vn: 548839894.09608
Vtot: 2205339000.0
alpha: 0.73319846
beta: 1.6073492
gamma: 0.24886872
lambda: 0.6991082
rho: 1
w: 0.10563234
