Qmin: 0
Vmin: 1884316000.0
Vn: 3281535032.6068
Vtot: 3495164000.0
alpha: 1.011868
beta: 0.62511283
gamma: 0.9388787
lambda: 2.7225451
rho: 1
w: 0.6922671
