Qmin: 0
Vmin: 68260000.0
Vn: 241689712.06896
Vtot: 817644000.0
alpha: 0.46029568
beta: 1.8194852
gamma: 0.29559284
lambda: 0.723703
rho: 1
w: 0.27329603
