Qmin: 0
Vmin: 1898634000.0
Vn: 3409824980.16
Vtot: 3669850000.0
alpha: 0.41722822
beta: 0.8655293
gamma: 0.9291456
lambda: 2.15441
rho: 1
w: 0.9874983
