Qmin: 0
Vmin: 908785000.0
Vn: 856417094.4456
Vtot: 1456956000.0
alpha: 0.8211052
beta: 0.58027554
gamma: 0.5878126
lambda: 2.9071908
rho: 0.4262601365805533
w: 0.263192
