Qmin: 0
Vmin: 5603000.0
Vn: 78933118.179
Vtot: 144390000.0
alpha: 0.3620435
beta: 2.4188318
gamma: 0.5466661
lambda: 0.9122312
rho: 1
w: 0.037643064
