Qmin: 8.368
Vmin: 790907000.0
Vn: 1020199203.1898
Vtot: 1608283000.0
alpha: 2.6739633
beta: 1.2364631
gamma: 0.6343406
lambda: 2.920016
rho: 0.8475979179649032
w: 0.59694576
