Qmin: 31.149
Vmin: 12762818000.0
Vn: 17970568586.18432
Vtot: 23146252000.0
alpha: 1.5127115
beta: 1.4569552
gamma: 0.77639216
lambda: 1.0104885
rho: 1
w: 0.3223609
