Qmin: 591.821
Vmin: 366249000.0
Vn: 3414929120.7288003
Vtot: 6558164000.0
alpha: 1.3689027
beta: 0.5818113
gamma: 0.5207142
lambda: 0.43209183
rho: 0.17352433282894808
w: 0.6580483
