Qmin: 0.503
Vmin: 5636000.0
Vn: 62535718.70279999
Vtot: 122206000.0
alpha: 0.023404203
beta: 0.8675602
gamma: 0.5117238
lambda: 1.0970445
rho: 1
w: 0.85821563
