Qmin: 16.866
Vmin: 749222000.0
Vn: 1232741959.3491201
Vtot: 1536032000.0
alpha: 0.67696464
beta: 2.9578025
gamma: 0.80254966
lambda: 2.9271677
rho: 0.4923929007465778
w: 0.3986312
