Qmin: 0.663
Vmin: 13224000.0
Vn: 150981285.4055
Vtot: 349165000.0
alpha: 0.36570862
beta: 0.62557286
gamma: 0.4324067
lambda: 1.2943838
rho: 1
w: 0.41049382
