Qmin: 9.68
Vmin: 287947000.0
Vn: 394945035.983
Vtot: 477145000.0
alpha: 0.52875274
beta: 0.9121555
gamma: 0.8277254
lambda: 2.1275609
rho: 0.9603612536402419
w: 0.99346894
