Qmin: 0.048
Vmin: 2724000.0
Vn: 40636101.66
Vtot: 103544000.0
alpha: 0.4259047
beta: 1.0625755
gamma: 0.3924525
lambda: 0.4686174
rho: 1
w: 0.09631173
