Qmin: 0
Vmin: 13158000.0
Vn: 62308120.4794
Vtot: 100307000.0
alpha: 0.28687778
beta: 1.857144
gamma: 0.6211742
lambda: 0.7025284
rho: 1
w: 0.093613364
