Qmin: 0
Vmin: 654000.0
Vn: 17674550.396999996
Vtot: 32549999.999999996
alpha: 0.21043564
beta: 2.0000346
gamma: 0.54299694
lambda: 0.96614665
rho: 1
w: 0.98590374
