Qmin: 1.045
Vmin: 159094000.0
Vn: 564332550.82024
Vtot: 797626000.0
alpha: 0.41852033
beta: 1.2303966
gamma: 0.70751524
lambda: 1.0746635
rho: 1
w: 0.48079085
