Qmin: 3.143
Vmin: 56987000.0
Vn: 645574438.62832
Vtot: 1078232000.0
alpha: 0.44542181
beta: 1.4773722
gamma: 0.59873426
lambda: 0.52624047
rho: 1
w: 0.68523306
