Qmin: 0.028
Vmin: 5002000.0
Vn: 225521344.33056
Vtot: 328336000.0
alpha: 0.12749729
beta: 1.542289
gamma: 0.68686146
lambda: 1.2718208
rho: 1
w: 0.9859735
