Qmin: 7.228
Vmin: 290777000.0
Vn: 814833486.884
Vtot: 1094260000.0
alpha: 1.0510745
beta: 0.9670375
gamma: 0.7446434
lambda: 2.2232823
rho: 0.8469922323803131
w: 0.7626915
