Qmin: 0.064
Vmin: 27557000.0
Vn: 152725683.3564
Vtot: 187628000.0
alpha: 0.6027311
beta: 1.0612491
gamma: 0.8139813
lambda: 0.5117731
rho: 1
w: 0.106662914
