Qmin: 0.793
Vmin: 170928000.0
Vn: 157490079.72
Vtot: 234060000.0
alpha: 1.3596375
beta: 0.84204525
gamma: 0.672862
lambda: 2.371935
rho: 0.18760563803393177
w: 0.9496314
