Qmin: 0
Vmin: 207476000.0
Vn: 923843736.70362
Vtot: 1348533000.0
alpha: 0.5952638
beta: 0.8490073
gamma: 0.68507314
lambda: 0.2567783
rho: 1
w: 0.24107565
