Qmin: 0
Vmin: 3445000.0
Vn: 35623653.3015
Vtot: 49429000.0
alpha: 0.38631776
beta: 1.155799
gamma: 0.7207035
lambda: 0.7572752
rho: 1
w: 0.028153906
