Qmin: 0
Vmin: 14369000.0
Vn: 1083707848.3357
Vtot: 1296355000.0
alpha: 0.31373996
beta: 1.5158664
gamma: 0.83596534
lambda: 0.36304724
rho: 1
w: 0.02531442
