Qmin: 3.341
Vmin: 226928000.0
Vn: 877156561.8595201
Vtot: 1302017000.0
alpha: 1.6646307
beta: 0.97269046
gamma: 0.67369056
lambda: 0.6410277
rho: 0.6410551221879884
w: 0.6654168
