Qmin: 5.991
Vmin: 29125000.0
Vn: 334810738.76250005
Vtot: 432579000.0
alpha: 0.46424916
beta: 0.8806985
gamma: 0.7739875
lambda: 0.8935908
rho: 0.7465161715944716
w: 0.96549195
