Qmin: 0
Vmin: 87524000.0
Vn: 62529642.90144
Vtot: 110891000.0
alpha: 2.1334445
beta: 2.434666
gamma: 0.56388384
lambda: 1.7880919
rho: 3.420345468273947e-05
w: 0.2782498
