Qmin: 0
Vmin: 35253000.0
Vn: 119022504.72240001
Vtot: 138452000.0
alpha: 0.012858228
beta: 2.2527611
gamma: 0.8596662
lambda: 1.1369948
rho: 1
w: 0.57862586
