Qmin: 0.057
Vmin: 154000.0
Vn: 27695855.004300002
Vtot: 28581000.0
alpha: 1.8846385
beta: 0.70592654
gamma: 0.9690303
lambda: 0.31439158
rho: 0.7507707706979544
w: 0.15599944
