Qmin: 0.001
Vmin: 1993000.0
Vn: 22471803.35232
Vtot: 40082000.0
alpha: 0.23902656
beta: 1.4946734
gamma: 0.56064576
lambda: 0.6086384
rho: 1
w: 0.18208726
