Qmin: 0
Vmin: 4276000.0
Vn: 68989057.23809999
Vtot: 93701000.0
alpha: 0.122902475
beta: 0.8731594
gamma: 0.7362681
lambda: 0.7819734
rho: 1
w: 0.03809338
