Qmin: 15.178
Vmin: 3196334000.0
Vn: 4656765710.64336
Vtot: 4827386000.0
alpha: 2.030484
beta: 0.5599101
gamma: 0.96465576
lambda: 2.5460129
rho: 1
w: 0.8630642
