Qmin: 0.119
Vmin: 14046000.0
Vn: 53292269.5552
Vtot: 80512000.0
alpha: 0.2877814
beta: 0.8188408
gamma: 0.6619171
lambda: 1.2202582
rho: 1
w: 0.982327
