Qmin: 0
Vmin: 2766000.0
Vn: 340916432.95008
Vtot: 389808000.0
alpha: 4.2651925
beta: 1.2731651
gamma: 0.87457526
lambda: 2.8765676
rho: 0.22516725158623568
w: 0.7414296
