Qmin: 0
Vmin: 1861000.0
Vn: 24472782.7149
Vtot: 47281000.0
alpha: 0.42491192
beta: 1.2710139
gamma: 0.5176029
lambda: 1.0414178
rho: 1
w: 0.48865503
