Qmin: 1.242
Vmin: 54020000.0
Vn: 169202560.51755
Vtot: 189329000.0
alpha: 0.25951433
beta: 1.5659965
gamma: 0.89369595
lambda: 0.5931861
rho: 1
w: 0.02186436
