Qmin: 0
Vmin: 109972000.0
Vn: 202057672.03853
Vtot: 206689000.0
alpha: 0.59531224
beta: 1.477421
gamma: 0.97759277
lambda: 1.0166202
rho: 1
w: 0.02805622
