Qmin: 0.028
Vmin: 9119000.0
Vn: 117855494.67375
Vtot: 120375000.0
alpha: 0.3802438
beta: 1.7852458
gamma: 0.97906953
lambda: 0.7532506
rho: 1
w: 0.99593276
