Qmin: 0.227
Vmin: 41977000.0
Vn: 150952887.4677
Vtot: 189433000.0
alpha: 0.2894371
beta: 1.0912793
gamma: 0.7968669
lambda: 1.0128123
rho: 1
w: 0.9895088
