Qmin: 0.028
Vmin: 20605000.0
Vn: 17328783.540760003
Vtot: 66623000.00000001
alpha: 0.534544
beta: 2.4157584
gamma: 0.26010212
lambda: 2.7688358
rho: 0.24963825204448734
w: 0.9974363
