Qmin: 0
Vmin: 40006000.0
Vn: 110875869.11625001
Vtot: 128279000.0
alpha: 0.5689978
beta: 1.4688705
gamma: 0.86433375
lambda: 1.7090173
rho: 1
w: 0.99597037
