Qmin: 0.007
Vmin: 30724000.0
Vn: 58792939.535399996
Vtot: 80214000.0
alpha: 0.74102676
beta: 1.3339323
gamma: 0.7329511
lambda: 1.5225345
rho: 1
w: 0.30848014
