Qmin: 0.708
Vmin: 28537000.0
Vn: 76332410.87200001
Vtot: 99280000.0
alpha: 0.11302166
beta: 2.5602286
gamma: 0.7688599
lambda: 2.8834515
rho: 1
w: 0.8877096
