Qmin: 0.708
Vmin: 20102000.0
Vn: 57590881.6349
Vtot: 66793000.00000001
alpha: 0.5974382
beta: 0.9978807
gamma: 0.8622293
lambda: 0.8720639
rho: 0.7547902188261293
w: 0.2855742
