Qmin: 0
Vmin: 54806000.0
Vn: 123657341.0818
Vtot: 130334000.0
alpha: 0.705624
beta: 1.3934717
gamma: 0.9487727
lambda: 1.1533185
rho: 1
w: 0.32569337
