Qmin: 1.388
Vmin: 28842000.0
Vn: 99183528.2358
Vtot: 133530000.0
alpha: 0.39789787
beta: 1.9234059
gamma: 0.74278086
lambda: 2.306631
rho: 1
w: 0.9994154
