Qmin: 0
Vmin: 249105000.0
Vn: 771332687.258
Vtot: 1022734000.0
alpha: 0.6189999
beta: 2.405942
gamma: 0.754187
lambda: 1.3801367
rho: 1
w: 0.99599177
