Qmin: 0
Vmin: 114503000.0
Vn: 97672804.5644
Vtot: 144988000.0
alpha: 3.50871
beta: 0.8961416
gamma: 0.6736613
lambda: 2.0514386
rho: 0.05274432198428545
w: 0.82993335
