Qmin: 0
Vmin: 18323000.0
Vn: 106608657.6315
Vtot: 154971000.0
alpha: 0.20448282
beta: 1.2282163
gamma: 0.6879265
lambda: 1.2065185
rho: 1
w: 0.5185367
