Qmin: 0.878
Vmin: 192237000.0
Vn: 474913344.54732
Vtot: 648987000.0
alpha: 0.042673953
beta: 1.7011331
gamma: 0.73177636
lambda: 1.4600867
rho: 1
w: 0.5923943
