Qmin: 82.402
Vmin: 9813595000.0
Vn: 22130910621.452
Vtot: 31694515000.0
alpha: 3.3213072
beta: 1.7263409
gamma: 0.6982568
lambda: 0.42449677
rho: 0.5927877999407516
w: 0.50547093
