Qmin: 1.388
Vmin: 869167000.0
Vn: 2064719768.2522998
Vtot: 2073036999.9999998
alpha: 0.6769748
beta: 1.4510624
gamma: 0.9959879
lambda: 0.9974656
rho: 1
w: 0.5040252
