Qmin: 0
Vmin: 1096338000.0
Vn: 935345636.05912
Vtot: 1430858000.0
alpha: 0.2459088
beta: 0.95930517
gamma: 0.65369564
lambda: 2.3926694
rho: 1
w: 0.5656818
