Qmin: 59.465
Vmin: 1401899000.0
Vn: 2040358406.46741
Vtot: 2504877000.0
alpha: 0.86333734
beta: 1.323451
gamma: 0.81455433
lambda: 2.8515084
rho: 0.5861874384307076
w: 0.9453683
