Qmin: 28.09
Vmin: 254231000.0
Vn: 171358661.3336
Vtot: 334412000.0
alpha: 2.5238671
beta: 0.85823256
gamma: 0.5124178
lambda: 0.44417575
rho: 0.023067122212970918
w: 0.9053132
