Qmin: 87.782
Vmin: 12376738000.0
Vn: 21685777430.78029
Vtot: 29515943000.0
alpha: 1.2398957
beta: 1.7470558
gamma: 0.73471403
lambda: 0.77324986
rho: 1
w: 0.6328738
