Qmin: 0
Vmin: 30098000.0
Vn: 45526847.377500005
Vtot: 274555000.0
alpha: 0.62576705
beta: 1.8659041
gamma: 0.1658205
lambda: 1.5122467
rho: 1
w: 0.96547997
