Qmin: 0.028
Vmin: 49593000.0
Vn: 125617974.07335
Vtot: 127891000.0
alpha: 2.5369117
beta: 2.277927
gamma: 0.98222685
lambda: 2.727324
rho: 0.0067873763294387735
w: 0.34111735
