Qmin: 16.99
Vmin: 18282641000.0
Vn: 23418573867.45495
Vtot: 28330569000.0
alpha: 0.4621251
beta: 1.8226681
gamma: 0.82661855
lambda: 2.9898403
rho: 1
w: 0.6516396
