Qmin: 0
Vmin: 29569000.0
Vn: 78970675.6222
Vtot: 79246000.0
alpha: 0.8385778
beta: 2.2241142
gamma: 0.9965257
lambda: 1.5789716
rho: 1
w: 0.26244432
