Qmin: 226.535
Vmin: 350308000.0
Vn: 263555721.85639998
Vtot: 567401000.0
alpha: 1.4099331
beta: 1.3032585
gamma: 0.4644964
lambda: 2.4692936
rho: 0.005171077254413316
w: 0.4765518
