Qmin: 0
Vmin: 72664000.0
Vn: 379410568.05240005
Vtot: 914580000.0
alpha: 0.36472106
beta: 1.8113369
gamma: 0.41484678
lambda: 0.9191313
rho: 1
w: 0.0013486817
