Qmin: 0.006
Vmin: 14958000.0
Vn: 38329877.854720004
Vtot: 76984000.0
alpha: 0.7236053
beta: 1.6409256
gamma: 0.49789408
lambda: 1.0507673
rho: 1
w: 0.20879093
