Qmin: 0
Vmin: 14000000.0
Vn: 16177653.2
Vtot: 19325000.0
alpha: 4.8356066
beta: 2.8320153
gamma: 0.837136
lambda: 2.1348455
rho: 0.014185714500548246
w: 0.530457
