Qmin: 0
Vmin: 140558000.0
Vn: 136617245.63496
Vtot: 387018000.0
alpha: 1.1100789
beta: 1.1198908
gamma: 0.35299972
lambda: 2.9439816
rho: 1
w: 0.82008415
