Qmin: 0.85
Vmin: 79684000.0
Vn: 231975890.67875
Vtot: 364475000.0
alpha: 1.2558535
beta: 0.7838245
gamma: 0.63646585
lambda: 0.7378416
rho: 0.4872092959978106
w: 0.021888725
