Qmin: 0
Vmin: 1331920000.0
Vn: 1227408493.34186
Vtot: 6193534000.0
alpha: 0.24884447
beta: 1.3162107
gamma: 0.19817579
lambda: 1.3243086
rho: 1
w: 0.97117156
