Qf: 543.9617478328876
Qn: 138.5007426298692
Ve: 1293974613.62944
Vf: 1286843000.0
Vmin: 1135627430.25515
Vtot: 1296355000.0
k: 0.9817006540977299
