FFf: 0.8889833
QQf: 0.87171483
alpha: 0.62865615
beta: 0.20663422
gamma: 0.30744842
k: 4.345893
