Qf: 1800.0129885234549
Qmin: 0
Qn: 128.3560630718301
Vf: 4418704038.36
Vmin: 2602396104.0
Vn: 3052094541.96
Vn_adj: 3780952940.04
Vtot: 4555364988.0
k: 1.2
