Qf: 952.4111748149757
Qmin: 0
Qn: 97.31091403699774
Vf: 2111198210.0
Vmin: 536198999.99999994
Vn: 1458250310.0
Vn_adj: 1806489190.0
Vtot: 2176493000.0
k: 1.2
