Qf: 1155.1867722555548
Qmin: 0.849504
Qn: 59.83919970160659
Vf: 2426446534.81
Vmin: 1203656921.0
Vn: 1675999152.91
Vn_adj: 2076237756.59
Vtot: 2501491273.0
k: 1.2
