Qf: 2315.4358149744417
Qmin: 0
Qn: 283.7032306569361
Vf: 2243658500.0
Vmin: 396751000.0
Vn: 1549743500.0
Vn_adj: 1919831500.0
Vtot: 2313050000.0
k: 1.2
