Qf: 1219.9005590625693
Qmin: 0
Qn: 51.66414341857869
Vf: 3361217026.24
Vmin: 1887323078.0
Vn: 2321665368.6400003
Vn_adj: 2876092919.3599997
Vtot: 3465172192.0
k: 1.2
