Qf: 3924.0969239890505
Qmin: 0
Qn: 1239.9802306054128
Vf: 611628650.0
Vmin: 516556000.00000006
Vn: 422465150.0
Vn_adj: 523352350.0
Vtot: 630545000.0
k: 1.2
