Qf: 52.74073690326527
Qmin: 0
Qn: 2.977195701693565
Vf: 129697730.0
Vmin: 1987000.0
Vn: 89585030.0
Vn_adj: 110978470.0
Vtot: 133709000.0
k: 1.2
