Qf: 1136.9733272756487
Qmin: 0
Qn: 58.223742320570736
Vf: 3092767400.0
Vmin: 2163732000.0
Vn: 2136241400.0000002
Vn_adj: 2646388600.0
Vtot: 3188420000.0
k: 1.2
