Qf: 445.35106102523883
Qmin: 0
Qn: 27.328988819007662
Vf: 1050043430.0
Vmin: 594884000.0
Vn: 725287730.0
Vn_adj: 898490770.0
Vtot: 1082519000.0
k: 1.2
