Qf: 110.46348467329138
Qmin: 0.057
Qn: 4.299321393034854
Vf: 101585190.0
Vmin: 23635000.0
Vn: 70167090.0
Vn_adj: 86923410.0
Vtot: 104727000.0
k: 1.2
