Qf: 1203.5726467325928
Qmin: 11.33
Qn: 94.64463990806887
Vf: 445404600.0
Vmin: 322870000.0
Vn: 307650600.0
Vn_adj: 381119400.0
Vtot: 459180000.0
k: 1.2
