Qf: 78.97497482346564
Qmin: 0
Qn: 4.5594446511628
Vf: 99632580.0
Vmin: 23888000.0
Vn: 68818380.0
Vn_adj: 85252620.0
Vtot: 102714000.0
k: 1.2
