Qf: 66.05322494515502
Qmin: 0.062
Qn: 4.8014365532166146
Vf: 76108140.0
Vmin: 46934000.0
Vn: 52569540.0
Vn_adj: 65123460.0
Vtot: 78462000.0
k: 1.2
