Qf: 4165.455560848856
Qmin: 0
Qn: 1522.0333103811495
Vf: 2654304120.0
Vmin: 1060858999.9999999
Vn: 1833385320.0
Vn_adj: 2271208680.0
Vtot: 2736396000.0
k: 1.2
