Qf: 2619.6034852481002
Qmin: 0.566
Qn: 248.3262600902851
Vf: 6670281630.0
Vmin: 2559358000.0
Vn: 4607307930.0
Vn_adj: 5707560570.0
Vtot: 6876579000.0
k: 1.2
