Qf: 817.8872486294434
Qmin: 0
Qn: 104.09277704114756
Vf: 3390309080.0
Vmin: 1884316000.0
Vn: 2341759880.0
Vn_adj: 2900986120.0
Vtot: 3495164000.0
k: 1.2
