Qf: 403.0252039303596
Qmin: 0
Qn: 30.718927805388095
Vf: 793114680.0
Vmin: 68260000.0
Vn: 547821480.0
Vn_adj: 678644520.0
Vtot: 817644000.0
k: 1.2
