Qf: 263.29292293651105
Qmin: 16.866
Qn: 91.42261144339527
Vf: 1489951040.0
Vmin: 749222000.0
Vn: 1029141440.0000001
Vn_adj: 1274906560.0
Vtot: 1536032000.0
k: 1.2
