Qf: 17.38319549509465
Qmin: 0
Qn: 3.7217325581395384
Vf: 97297790.0
Vmin: 13158000.0
Vn: 67205690.0
Vn_adj: 83254810.0
Vtot: 100307000.0
k: 1.2
