Qf: 166.5044973249551
Qmin: 1.045
Qn: 35.619117064206904
Vf: 773697220.0
Vmin: 159094000.0
Vn: 534409420.00000006
Vn_adj: 662029580.0
Vtot: 797626000.0
k: 1.2
