Qf: 192.45559087316101
Qmin: 0.028
Qn: 72.26718794069802
Vf: 318485920.0
Vmin: 5002000.0
Vn: 219985120.0
Vn_adj: 272518880.0
Vtot: 328336000.0
k: 1.2
