Qf: 212.66853980425117
Qmin: 7.228
Qn: 39.19758369964684
Vf: 1061432200.0
Vmin: 290777000.0
Vn: 733154200.0
Vn_adj: 908235800.0
Vtot: 1094260000.0
k: 1.2
