Qf: 38.34544824941713
Qmin: 0.064
Qn: 7.561698493910736
Vf: 181999160.0
Vmin: 27557000.0
Vn: 125710760.00000001
Vn_adj: 155731240.0
Vtot: 187628000.0
k: 1.2
