Qf: 117.52217131840095
Qmin: 0
Qn: 40.62166664863145
Vf: 1308077010.0
Vmin: 207476000.0
Vn: 903517110.0
Vn_adj: 1119282390.0
Vtot: 1348533000.0
k: 1.2
