Qf: 205.80319713194257
Qmin: 3.341
Qn: 39.17585060276599
Vf: 1262956490.0
Vmin: 226928000.0
Vn: 872351390.0
Vn_adj: 1080674110.0
Vtot: 1302017000.0
k: 1.2
