Qf: 166.88396242135275
Qmin: 5.991
Qn: 41.17815517540058
Vf: 419601630.0
Vmin: 29125000.0
Vn: 289827930.0
Vn_adj: 359040570.0
Vtot: 432579000.0
k: 1.2
