Qf: 418.2236699924436
Qmin: 0
Qn: 112.54273226837029
Vf: 107564270.0
Vmin: 87524000.0
Vn: 74296970.0
Vn_adj: 92039530.0
Vtot: 110891000.0
k: 1.2
