Qf: 32.59313629002858
Qmin: 0
Qn: 6.4274259800340925
Vf: 134298440.0
Vmin: 35253000.0
Vn: 92762840.0
Vn_adj: 114915160.0
Vtot: 138452000.0
k: 1.2
