Qf: 3.5561306938236936
Qmin: 0.057
Qn: 0.7217657898163768
Vf: 27723570.0
Vmin: 154000.0
Vn: 19149270.0
Vn_adj: 23722230.0
Vtot: 28581000.0
k: 1.2
