Qf: 28.612710779643297
Qmin: 0.001
Qn: 4.0638337586310245
Vf: 38879540.0
Vmin: 1993000.0
Vn: 26854940.0
Vn_adj: 33268060.0
Vtot: 40082000.0
k: 1.2
