Qf: 28.40958279588894
Qmin: 0
Qn: 7.496206700568342
Vf: 90889970.0
Vmin: 4276000.0
Vn: 62779670.00000001
Vn_adj: 77771830.0
Vtot: 93701000.0
k: 1.2
