Qf: 26.208613222019768
Qmin: 0.119
Qn: 4.937058430118758
Vf: 78096640.0
Vmin: 14046000.0
Vn: 53943040.0
Vn_adj: 66824960.0
Vtot: 80512000.0
k: 1.2
