Qf: 23.71252970164775
Qmin: 0
Qn: 3.4438582247803766
Vf: 45862570.0
Vmin: 1861000.0
Vn: 31678270.000000004
Vn_adj: 39243230.0
Vtot: 47281000.0
k: 1.2
