Qf: 12.985251571312563
Qmin: 0.708
Qn: 5.721388072659275
Vf: 96301600.0
Vmin: 28537000.0
Vn: 66517600.00000001
Vn_adj: 82402400.0
Vtot: 99280000.0
k: 1.2
