Qf: 28.31055510835606
Qmin: 1.388
Qn: 6.009383166384781
Vf: 129524100.0
Vmin: 28842000.0
Vn: 89465100.0
Vn_adj: 110829900.0
Vtot: 133530000.0
k: 1.2
