Qf: 45.11351169932677
Qmin: 0
Qn: 10.671335807451191
Vf: 150321870.0
Vmin: 18323000.0
Vn: 103830570.0
Vn_adj: 128625930.0
Vtot: 154971000.0
k: 1.2
