Qf: 1285.6649692399458
Qmin: 82.402
Qn: 409.6555119982727
Vf: 30743679550.0
Vmin: 9813595000.0
Vn: 21235325050.0
Vn_adj: 26306447450.0
Vtot: 31694515000.0
k: 1.2
