Qf: 126.68683251487279
Qmin: 1.388
Qn: 36.149988362037874
Vf: 2010845889.9999998
Vmin: 869167000.0
Vn: 1388934790.0
Vn_adj: 1720620709.9999998
Vtot: 2073036999.9999998
k: 1.2
