Qf: 512.3493371473738
Qmin: 0
Qn: 156.42478916687847
Vf: 1387932260.0
Vmin: 1096338000.0
Vn: 958674860.0
Vn_adj: 1187612140.0
Vtot: 1430858000.0
k: 1.2
