Qf: 357.10301034282844
Qmin: 59.465
Qn: 137.74345193517348
Vf: 2429730690.0
Vmin: 1401899000.0
Vn: 1678267590.0
Vn_adj: 2079047910.0
Vtot: 2504877000.0
k: 1.2
