Qf: 800.0856697106724
Qmin: 28.09
Qn: 339.4883235645934
Vf: 324379640.0
Vmin: 254231000.0
Vn: 224056040.0
Vn_adj: 277561960.0
Vtot: 334412000.0
k: 1.2
