Qf: 1074.930254334237
Qmin: 87.782
Qn: 569.7195647058724
Vf: 28630464710.0
Vmin: 12376738000.0
Vn: 19775681810.0
Vn_adj: 24498232690.0
Vtot: 29515943000.0
k: 1.2
