Qf: 95.61763191303966
Qmin: 0
Qn: 5.47048910142345
Vf: 266318350.0
Vmin: 30098000.0
Vn: 183951850.0
Vn_adj: 227880650.0
Vtot: 274555000.0
k: 1.2
