Qf: 11.319007111298184
Qmin: 0.028
Qn: 14.30874037900858
Vf: 124054270.0
Vmin: 49593000.0
Vn: 85686970.0
Vn_adj: 106149530.0
Vtot: 127891000.0
k: 1.2
