Qf: 1959.5101845172978
Qmin: 16.99
Qn: 870.2697683916061
Vf: 27480651930.0
Vmin: 18282641000.0
Vn: 18981481230.0
Vn_adj: 23514372270.0
Vtot: 28330569000.0
k: 1.2
