Qf: 114.14827290827773
Qmin: 0
Qn: 45.25598446860439
Vf: 887142600.0
Vmin: 72664000.0
Vn: 612768600.0
Vn_adj: 759101400.0
Vtot: 914580000.0
k: 1.2
