Qf: 50.00718891110977
Qmin: 0.006
Qn: 2.1687272433828473
Vf: 74674480.0
Vmin: 14958000.0
Vn: 51579280.0
Vn_adj: 63896720.0
Vtot: 76984000.0
k: 1.2
