Qf: 2792.272552972803
Qmin: 0
Qn: 287.6738481831752
Vf: 6007727980.0
Vmin: 1331920000.0
Vn: 4149667780.0000005
Vn_adj: 5140633220.0
Vtot: 6193534000.0
k: 1.2
