FFf: 0.34206954
QQf: 0.97603726
alpha: 0.6264658
beta: 0.75522715
gamma: 0.96585166
k: 1.289784
