FFf: 0.35517433
QQf: 0.10578385
alpha: 0.15273401
beta: 0.34917235
gamma: 0.32778773
k: 2.4578526
