Qmin: 0
T: 258.8701529833138
Vmin: 536198999.99999994
Vtot: 2176493000.0
