Qmin: 0.849504
T: 483.8374415721761
Vmin: 1203656921.0
Vtot: 2501491273.0
