Qmin: 0
T: 5.885557170112176
Vmin: 516556000.00000006
Vtot: 630545000.0
