Qmin: 0.028
T: 109.84848279157761
Vmin: 20605000.0
Vtot: 66623000.00000001
